1895217828
2208086676
2355271932
2487994962
2499485781
2428012164
2422377319
2394858854
2411395078
2397859998
2410847784
2425595689
2454434496
2411723073
2434482345
2391888790
2406652001
2402389706
2427197008
2410140195
2430639461
2443306965
2419436166
2268563891
2168336352
1650526136
2398589478
2398874206
2393507346
2376957093
1735118904
2432396086
2434282146
2435800912
2449011294
2433097153
2453582489
2465423788
2474734139
2468907926
2468060682
2443127996
2467420678
2473212736
2310501557
2269866843
2415375566
2436039795
2445679979
2434693777
2438609275
2434322368
2450013122
2442475493
2443355142
2447117107
2512274764
2513971907
2526807138
2520351732
2520603704
2442514856
2437429679
2441561569
2447321732
2454727583
2448950554
2453777369
2455324285
2462649499
2463353739
2441451623
2447633414
2452333938
2466213998
2459843392
2437086933
2437071949
2437272385
2440538332
2441444205
2421948483
2432218010
2434692099
2444407207
2441318860
2397991607
2429928528
2429968937
2435533254
2439361091
1913501845
2466153874
2485933277
2482296968
2498338239
1394312309
2486202713
2506550644
2499773273
2503767644
2053233171
2444488340
2434033936
2444319294
2434857313
2410430587
2386625768
2437037270
2450268548
2455332875
2382112566
2055537817
2311971571
2382246865
2387828288
2404696674
1696844772
2182201822
2406103919
2410094108
2424758766
2231870440
2172630373
2442442977
2422641494
2430441721
2366265032
2322348777
2462439793
2399212340
2450888688
2165715886
2161636912
2433212006
2420556158
2431339758
2299472096
1910555075
2447378546
2447251746
2457769875
2418819949
2287250986
2278040371
2398183037
2395057335
2430089619
2424582274
1808098214
2452943119
2478369962
2472165685
2470676504
1487437272
2430064632
2414600201
2419038968
2432997100
2068928472
2385522349
2404899902
2432785005
2418780487
2397524150
2434674440
2437329174
2447690640
2450482594
2457390783
2391981281
2426056701
2416620760
2417496488
2418543447
1890634870
2421596751
2418307149
2419932395
2432685241
1095590801
2419502089
2433126147
2435552382
2439313655
2209100330
2446017417
2425340397
2439469898
2449291237
2447973866
2451046326
2447107127
2448907670
2452171669
2450928112
2457232269
2447957481
2449417319
2450019892
2458358662
2427869870
2423189112
2421468926
2424311911
2434794592
2422516448
2410258968
2436522655
2437089406
2436810824
2424207213
2430204277
2431381465
2432376684
2433742591
2431703958
2440738362
2452933422
2448452149
2405658710
1374811939
2450734376
2460628548
2464770708
2467101751
1685401874
2510423915
2515430184
2526501074
2523475125
2372271012
2426996927
2428958610
2430311388
2442313086
2434330299
2418472413
2433782456
2436815598
2438962022
2442218361
2418787978
2431166502
2445444939
2438503628
2442310917
2427299456
2427852437
2426463569
2429041181
2411230567
2430946036
2433613504
2446936334
2413220080
2427833223
2442780316
2460948699
2455767457
2459145677
2469126700
2450658622
2445205435
2449161229
2449990649
2453649604
2439792326
2464376676
2482473943
2493013599
2359487134
2560792831
2604010743
2584367157
2599348676
2551065364
2435831391
2458562450
2456453904
2457573310
2459924172
2412347598
2408915158
2421407913
2421424728
2419803651
2208940088
2445213064
2466722445
2474072309
2477422191
1223272285
2426901849
2431421655
2430816090
2434871835
1770557336
2446782691
2457787946
2455583491
2455255233
2338014649
2422330011
2428260538
2437273033
2428899753
2435880151
2436389920
2433354817
2439300032
2440350052
2447684208
2443216598
2436086385
2436946166
2439499396
2443797061
2414225633
2434496333
2446435223
2436485154
2452678459
2431172870
2444499947
2437319371
2436246455
2428933827
1808891067
2449037039
2446799044
2450959082
2446765000
1014002129
