1512884741
1713606453
1854586801
1891933191
1898308293
1891836285
1928266212
1881965834
1778885385
1779670503
1818440038
1849916158
1806936283
1792774040
1874349076
1886561123
1806062169
1783949954
1853960394
1874214935
1850491218
1829573829
1920294736
1950137319
1821865610
1812438575
1891865136
1897076661
1782845589
1782038099
1874201368
1875610636
1729539510
1753289063
1863812936
1887109993
1768753326
1715981025
1902513389
1908596663
1900643901
1871519554
1931961031
1929934826
1900257810
1904568535
1882415022
1897543194
1899582080
1914559847
1902116159
1906390878
1911264937
1912537192
1836224362
1862153630
1871333586
1871483673
1532255683
1888185548
1910574551
1890371220
1250086100
1891532228
1904504676
1906415205
1435260159
1897235194
1916265532
1920644886
1892249235
1745789179
1879757342
1901554669
1892125693
1457645358
1877245982
1863749341
1869918433
975961685
1909761936
1917874651
1913501488
1775472537
1926796100
1938466884
1932253518
1938300232
1888792050
1899569985
1887899613
1891076404
1874174587
1892342901
1885260072
1888636694
1891173282
1896483495
1907503721
1898988876
1891332018
1910983277
1904983769
1909107441
1885192223
1893018562
1885777661
1891030699
1891003480
1903926724
1914677057
1907800656
1926416618
1918324243
1920215005
1918730131
1883205520
1883413524
1887515519
1890824326
1900585555
1903729018
1899772516
1913684362
1894008660
1887127641
1885569190
1887132124
1912339307
1921084860
1913302469
1918051932
1889217401
1893228531
1907795025
1901354564
1895318810
1909066180
1900788022
1904180893
1914763257
1900298611
1898060906
1902963578
1909071754
1916224220
1928923661
1930961695
1899549377
1899209996
1901558117
1908786622
1901539030
1911799417
1915252034
1930557083
1883168689
1884469957
1902296200
1893605789
1881465211
1880866989
1881923517
1885923107
1935683699
1934350772
1935881997
1939398375
1886834707
1878873154
1877087185
1884079223
1876790074
1886477820
1892888842
1903443790
1876532912
1881680968
1883777232
1896239052
1905913475
1898754798
1907396992
1906239829
1882465360
1896558747
1891785371
1891343970
1922204239
1935797314
1929725283
1931879568
1880545160
1881629234
1901550660
1896596098
1914849647
1933822704
1924558742
1924262939
1900081633
1898155818
1902502646
1910427783
1915560731
1905618453
1910633777
1911303651
1886171958
1897206258
1883739065
1888802506
1899580343
1911116477
1901036804
1901777800
1901263759
1894734386
1898909004
1910941639
1915710793
1923286813
1919134734
1938993959
1881556955
1874271323
1880012967
1893097817
1882767791
1878360901
1878242567
1882081111
1734567742
1888144697
1895396810
1896817292
1359972748
1874034362
1881275283
1879042558
1078841456
1881241516
1894038004
1913550855
1764544800
1866970878
1878536706
1865660204
1861585135
1871559887
1872755077
1876529820
1890351954
1890443460
1882236297
1885054636
1884887602
1829136689
1853722157
1863639671
1865541396
2039322872
2045928189
2049563728
2062878990
1867008449
1873780195
1889810860
1882468954
1886762709
1890780647
1882514700
1890984771
1915620623
1911250311
1915095202
1920973894
1902247261
1896639340
1896701086
1901415719
1893644590
1889931059
1895949203
1898632007
1896946777
1905892593
1897417461
1898163442
1903068879
1908892761
1909888826
1922816284
1892952699
1893493357
1907737681
1900670814
1892250623
1912444843
1908497964
1906665858
1886534442
1911367996
1898509816
1896930699
1893393241
1884833745
1897761771
1894919789
1877241985
1883056575
1894519757
1888576005
1898504304
1890416865
1894979170
1895332220
1893273433
1898047574
1897023573
1906645315
1892928324
1899342426
1911150008
1910987862
1896122233
1907057673
1901809289
1902268692
1906728040
1903431496
1903249048
1904617179
1923722747
1913252062
1921585085
1921083211
