1898535328
2211098273
2355606697
2488386064
2499827346
2428408972
2422697904
2395193710
2411786209
2398167625
2411243690
2431491564
2454741594
2412123506
2436692168
2392288503
2407457211
2402712440
2427599987
2410482573
2431067666
2443681932
2419774834
2268908538
2168734321
1650859973
2398978281
2399128123
2393876652
2377239100
1735438005
2432724609
2434510756
2439509470
2456728275
2433433865
2453915555
2465870842
2478750201
2469125911
2468278093
2443739568
2471053403
2475084591
2310849123
2270208098
2415697759
2437913018
2449004162
2434921239
2439021329
2434653500
2453222189
2442690238
2443571480
2448765874
2516014956
2514194670
2533640678
2520572119
2523295647
2445775285
2437643386
2444012580
2447555748
2454995765
2452166087
2454028849
2455563261
2462910279
2463585170
2441781902
2447879388
2452552938
2469385801
2461361967
2440235685
2438768179
2437478490
2441043049
2441654089
2422263817
2433284110
2434916092
2447496185
2442948030
2401037393
2430260434
2430177102
2435753619
2439582511
1916557626
2467108077
2486240776
2483261917
2498561608
1394661426
2486620189
2506852695
2500014260
2503986230
2053581240
2447739912
2434293940
2445202697
2435100493
2411630915
2389666687
2437292685
2450496867
2455636111
2382464423
2058632105
2315006216
2382517073
2388069502
2405010696
1697244521
2182502146
2406370226
2410358777
2425095114
2232262839
2172976168
2442829413
2422972190
2430689639
2366606790
2322679457
2465557718
2402222919
2453843995
2166085078
2162031537
2433631680
2420779793
2431603126
2300648949
1910861910
2447758423
2447569427
2458019070
2419781592
2287567244
2281109950
2398475599
2395286783
2430397844
2424797768
1809093818
2455401669
2478690165
2472481810
2470945875
1487797193
2430450323
2414863734
2422753987
2433287734
2069251112
2388800233
2408402826
2433101699
2430238418
2397835429
2437735945
2437624083
2448005163
2450702865
2457607919
2395063685
2426378742
2416870286
2417708340
2420459937
1893718290
2421846537
2418520740
2420148950
2432972688
1095908387
2419826563
2433424585
2435797557
2439527387
2209417072
2449151867
2425553377
2439680351
2450631799
2448196646
2454426044
2447342294
2449117934
2454470163
2451148484
2460654587
2448170165
2449643826
2450227731
2460632725
2432252628
2424928687
2422647008
2424526243
2435034389
2423949644
2410514923
2439692618
2437428435
2437023431
2427550798
2434188016
2431588949
2432585693
2433962364
2432041262
2442270208
2456110058
2448720072
2406853043
1379745194
2451044021
2461551465
2465056253
2467311121
1685718937
2511473981
2515653277
2530238315
2527136933
2372594145
2428236200
2429199166
2430512486
2446094657
2437947977
2418791978
2438019986
2438114934
2439215798
2442446885
2420013842
2431419114
2449438590
2438749990
2445934076
2431025800
2429828871
2426677301
2429773289
2411520717
2434422423
2435435688
2447214789
2413795421
2428085929
2443099662
2463953194
2456005192
2459356761
2471154766
2453728335
2445421467
2452817774
2450210043
2453860385
2440151779
2468021031
2483823806
2493237758
2359825883
2566576634
2607229388
2587214289
2600508924
2552964528
2436581126
2461845449
2458331989
2457811396
2460147989
2415485543
2409170862
2421690466
2421641580
2420014116
2211952910
2445460093
2467052611
2474322177
2477637315
1224115716
2427208245
2431699522
2431037085
2435081682
1770879732
2447115562
2460863291
2457293444
2455476106
2338333969
2422639209
2430030559
2440225650
2429100986
2436099327
2439473914
2433590353
2443164880
2440569088
2447916346
2446434000
2437063630
2437153167
2439720378
2445516510
2419763881
2434727794
2449543568
2436685212
2453766180
2432076548
2448088966
2438690976
2436469227
2429161182
1811990298
2449290231
2447011301
2451251607
2446985589
1014371419
