1518657715
1714133231
1858748226
1892457851
1898912247
1892350059
1931757011
1882501960
1779408954
1780161740
1818934719
1850487958
1808520644
1793332579
1874888007
1887010985
1817384653
1784460295
1854575759
1874839847
1854131563
1830139150
1920815992
1950589642
1828093161
1812933526
1892368196
1897556439
1794492487
1782503775
1874784818
1876765294
1730005289
1753759940
1864269808
1887626351
1772190997
1716489936
1906832574
1909831402
1901129774
1871988996
1938037180
1930394354
1901757246
1910187238
1882821565
1897927445
1903597494
1918864053
1907346709
1906758147
1911657884
1918003310
1839239762
1862507084
1871760010
1871823183
1538863595
1891873035
1911012831
1891943225
1251477678
1891928928
1904936929
1906715182
1435740681
1902394213
1920592528
1920952243
1892680930
1750172157
1880084363
1902014789
1896343639
1458887481
1877692280
1864079062
1870221574
976480633
1910197764
1921895160
1913828566
1775902827
1927171465
1946084919
1933050505
1940038450
1892117587
1905660709
1888595342
1892621236
1874573329
1896036614
1885535695
1892451568
1892770313
1896780846
1910963322
1899985670
1891718610
1915304135
1905261604
1913163767
1886770871
1896470681
1886073623
1891319798
1891398375
1904246822
1915087409
1908082169
1931740531
1922655665
1920529304
1919001076
1887841701
1887531990
1887818081
1891119452
1904983213
1904039064
1903774858
1914033712
1899723947
1892031882
1885838207
1887445912
1913742784
1925070127
1913616787
1918331860
1889607906
1893491488
1913920519
1903298407
1895673887
1913191097
1904653440
1904461984
1918228242
1909244150
1901420638
1903290550
1924115971
1916570470
1932852831
1932933136
1901178479
1899541622
1901850888
1922757159
1901896145
1912107219
1923006167
1934860841
1887613451
1884720833
1905974901
1893863533
1886038773
1881964675
1882189044
1886177772
1941216538
1940248824
1936144060
1939666350
1891188555
1886082327
1877344909
1885417866
1877121523
1886746785
1896809190
1908543720
1877289067
1882812286
1884025585
1900183906
1909981901
1898989869
1908871970
1906481924
1882816477
1899768455
1893843708
1891582193
1922873276
1939473237
1931365326
1932150122
1881923312
1881869271
1904852195
1896852587
1916255607
1937820464
1924800136
1925249901
1904095761
1898425652
1902737824
1910743718
1920065919
1905860838
1912737564
1911535335
1888176728
1901611557
1884003214
1892517883
1900758116
1915059458
1901292498
1902015380
1905357331
1898202762
1899187711
1912085476
1916690784
1928890309
1919401336
1942371237
1885583046
1874512236
1880243233
1894714924
1886506452
1882107103
1878487941
1883516649
1738418389
1888469971
1897863213
1897072775
1361647909
1874303059
1881742994
1879268909
1079192241
1881639281
1894284837
1913886760
1764888923
1867447673
1882505159
1865888725
1861854385
1871902998
1873487488
1878324665
1894461174
1894482052
1882624996
1885294922
1885103258
1833190172
1854031622
1864573705
1865788062
2039656828
2046179523
2049809898
2067291765
1867345029
1878115003
1894860027
1882711023
1887114132
1894516985
1902080413
1891273253
1921509697
1914638588
1916419235
1921225840
1906648910
1898201935
1897326177
1901646991
1897518643
1891411086
1896788921
1898851673
1898833550
1909712627
1897663475
1898403521
1903399443
1910109510
1910120993
1926672087
1895136125
1893714179
1911293618
1900940071
1892578064
1917061475
1908925652
1906905371
1886897779
1915521551
1898828090
1897153755
1900908064
1885107463
1900973446
1899610180
1877574934
1883840461
1897964304
1888807670
1902307605
1890645940
1896523463
1896200261
1893594178
1898794095
1897240876
1910588629
1893251960
1899668521
1915473875
1911248261
1896451894
1910817390
1903388309
1902523479
1910470585
1903668310
1906999355
1904839892
1930941721
1913506647
1925433909
1925523641
