1569376731
2053132620
2398553966
2389978546
2395632931
2288815452
2298442748
2373791316
2380200846
2392820644
2389447823
2378406597
2326651870
2473677006
2468493985
2533255494
2693355694
2644069938
2678705551
2673060313
2653146150
2627384996
2620818283
2551419355
2517687810
2874675818
2907663929
2939033470
3116193790
3078589697
3002992058
2946547016
2962368945
3060948560
2982755333
3021609611
2996955261
2908480944
2875709832
2907458879
2921351457
2902480551
2922274817
2713010249
2735428689
2704034195
2499802344
2499852601
2649436853
2658136670
2767869300
2963349500
2917933357
2885443519
2887429331
3018732997
3057353446
3160017977
3132753685
3143524389
3124342282
3183562988
3132452166
3119235173
3172884658
3202172039
3141173154
3117007807
3258773811
3370081879
3449926468
3452894738
3459952396
3538711503
3532234154
3634282004
3455195697
3422178551
3405091879
3396081592
3426869459
3388699651
3432599064
3427378126
3415263416
3544139429
3575539854
3555079569
3542464643
3566586476
3579845382
3588131248
3615266482
3502500881
3494625371
3497140929
3464222398
3592313562
3579625587
3588217750
3550199869
3531773447
3525399560
3455413234
3406822572
3404125015
3509683168
3661565725
3672207494
3753676625
3742917150
3775676385
3725490972
3723678877
3715677638
3616580605
3604777573
3667937015
3683586213
3784595345
3852254843
3880563656
3961822805
4004914366
3962743854
3982456885
4009263154
3969183821
3919711409
3929190666
3928405521
3883900410
3991921155
3996144494
3969657377
3995530281
4024782486
4109071316
4053531358
3947220504
4019893850
3935798162
4015839321
3925653532
3906768330
3912614114
3974904313
3921162757
3922266876
3912963567
3958394593
3803611999
3834779272
3732799820
3702165645
3764269825
3799035531
3909345271
3845777902
3865884440
3979837009
3904738259
3896841271
3836998669
3844340284
3833145109
3801050569
3778870723
3848970853
3849963141
3854078778
3859275761
3947318390
3982544450
3972656492
3924047196
3997079276
4030018898
3926820752
3972749402
3880710780
3890365615
3895816976
3865329030
4013715639
4031982290
3976707913
4038820625
3909625660
3915389513
3857002796
3853506969
3729875164
3981873674
3758883480
3673851364
3714430195
3679987875
3736866897
3718945594
3701130852
3692543862
3795314683
3793973435
3774766646
3821615076
3919165526
3916816999
3998074479
3919775114
3957449994
3988552722
3869106993
4065928157
4065840029
4068475736
4044686587
4002276043
4014176690
4042613278
3962816350
3951190588
3806000818
3996166165
3752971466
3802702674
3743971462
3665546244
3609078586
3688819064
3642654740
3794250944
3869612738
3893445474
3935715828
3919665179
3984198011
3938920202
3896401534
3835386507
3886585290
3862977755
3918070636
3936557668
3996068169
3997010095
3980468202
4062809812
3997354183
4009840251
3973860737
3957791834
3989992402
3907817549
3965974030
3910247497
3960098168
4017811522
3942470719
3984874932
3927837805
4042634204
3970300176
4067910667
4000168118
4050282439
3968071996
4052373920
4019902203
3986824283
3950687026
3953568922
3928474564
4011817564
3974292129
3985408553
4038339735
4026836685
4021534299
3993090548
3940671779
3963101265
3917261346
3955122159
3865845354
4117348653
3813599161
3934113155
3909208056
3896354093
3873574127
3885714466
3877513463
3931253278
3937567093
3881773540
3934904248
3994864120
3961055546
3843497225
3943583911
3919788029
3803966558
3729421278
3746215945
3716846403
3735304800
3761353979
3706768759
3793294773
3809328473
3891045378
3858179140
3849025700
3807498022
3842840129
3861934508
3815531640
3822239676
3948391424
3849986935
3841978964
3906721607
3875799968
3883540602
3893185220
3951049727
3923100590
3981278418
4016594009
4017186743
4038807753
3923930974
3894926104
3765018494
3791654887
3595662127
3672879625
3506204338
3384904385
3405409768
3405909516
3365056633
3495065876
3501385295
3647980391
3590400150
3607584755
3629858256
3522929615
3530175341
3397391886
3379116759
3190151360
3193948157
3186077096
3222383773
3228618963
3284696172
3290080412
3328574557
3303751268
3315469302
3318120258
3372376389
3251221207
3197763585
3334198978
3283051627
3287376511
3193150140
3369649029
3310033128
3367929811
3384673041
3259070307
3263169519
3351956821
3292418858
3365345858
3316918042
3329025125
3360398921
3330277395
3328744292
3311275048
3474899229
3455717403
3471033382
3435988682
3408004529
3431407939
3396388245
3342500394
3280375036
3222545622
3251127218
3289592947
3313947443
3263681595
3251847093
3291728080
3354617287
3159356894
3108692793
3115442590
3112336659
3082643990
3136207310
3291577728
3295720068
3314950477
3127588595
3101195263
3105863742
2946327428
3133203123
3152637569
3169925700
3291736187
3287243881
3393988640
3421596195
3331880453
3334563769
3347125566
3372863170
3387861129
3367007623
3383099185
3415840140
3328623764
3386680606
3214376501
3216145853
3133825927
3129111369
3145994312
3207142629
3412289288
3450129091
3426188256
3434712534
3437557620
3483038434
3514313358
3341290957
3192922307
3182903935
2539834853
2531446317
1850021724
2099399871
2204072238
2346221030
2313079203
2343576482
2268549347
2248582511
2221466737
2215233576
2200708234
2081308172
2305397396
2313758230
2323491408
2227068953
2133189586
2041136257
2031571642
2010219317
2001771819
1895516546
1984283042
2010685529
2107226008
2061764037
1865689006
1805056770
1802975473
1744053015
1536751164
1488791092
1662818139
1717395822
1748755089
1693697654
1401422612
908838661
1575461304
1594321562
1492870187
1133438862
1658101883
1676120632
1751010845
1895264750
1842132394
2166331446
2126386269
2146032806
1842073563
1787933517
1698178746
1701298456
1748163153
1689234883
1705473566
1729739214
1535736327
1497968961
1462721966
1522563796
1602483293
1601054330
1717717508
1716738372
1645835988
1631203800
1474044090
1479404483
1448573975
1378372002
1350830864
1210050339
1118044984
1125412344
1227634789
1240859749
1241921015
1179220930
1217217408
1303433332
1318556508
1232257415
1228668684
1235610177
1249731546
1234477574
1196867471
1194713845
1091490586
847734758
1131337553
1272981848
1193615977
1016764309
1072756970
1089862677
1133388756
1234471828
1141132710
1020475444
995924731
879079568
1458408870
1433047319
1465056525
808734424
1105294124
1246792759
1234544325
1077422886
705895221
831095004
798556763
1064249277
1099096050
1143634709
1123099401
1124418992
907761748
1102995656
982403070
813718344
721032243
708644518
702552011
712709216
780348366
701367322
509404576
858520024
855246126
856624859
857828691
799753811
924772919
700103165
753096406
907466002
741598766
752267121
744995777
508989782
798793188
791023934
800634597
798509847
698145074
712801378
708651921
708075555
730772263
713188390
709546963
678754092
483455602
1342053512
1344827517
1293976032
893524867
907734084
708844071
885914173
1010056374
847453063
618538213
717906092
782346217
764914425
963275069
997468111
742987227
693073565
702491118
705179984
700036232
708085867
708230165
709395816
582570317
858052675
820426064
905967301
916953925
612219102
707004021
708373515
693818596
711180814
713112323
723069574
532534802
938003555
1006244182
822458988
1036930054
1018235128
816063941
744946287
946283961
1077061824
933149158
745377069
963236526
947100291
949941261
901592025
683339676
708991376
704839204
698667673
713710305
703184287
713133886
690361473
737300991
713286734
771953340
701850597
711292926
701072921
551094542
874000530
868557509
873946773
869142992
1014098962
1096983935
837813847
1035177220
937608822
1004593801
1053590286
881566716
707862621
715085177
706776045
709066466
712113673
717393881
680501691
570391233
891473457
853289670
910388204
976693013
571414063
808963699
776479892
694018025
869401779
718619266
722922746
716378215
558780396
723702126
711323515
575920560
674965951
699678548
672857661
703831132
598322154
720254744
717453824
510242873
794947048
780462769
635017049
697989222
569916364
711311245
703041950
504397418
776522940
772297774
720463049
720031023
578134033
710272491
709307033
674012657
713942145
561092824
789724102
774984903
806400203
805007680
786124320
781574299
819515279
960001681
686029636
706262653
684180256
731996596
720778228
840136474
839026797
485179500
893722736
889183392
931698761
950214859
635241384
986575991
889524832
869441475
1093731138
962349050
719021746
713089022
757351607
896213313
769396457
955714099
880685075
555019567
946351080
942723600
817685176
866084151
728628020
883775422
766508318
881720534
999033261
719265573
723927857
711758817
550220550
689321340
682013711
693349572
693864348
465127149
922833505
935835474
1119019350
1132060778
1144340233
1211146452
1192378640
1160641423
1313718686
1270426188
897411695
883140756
774957699
811174845
755700445
1398358091
1420012384
1405673837
1178192227
1336379198
1363502701
1313393539
1307595337
1018165409
925943052
1415240029
1407600821
1193409008
1165941007
1251743210
1209878325
1029269648
1397785544
1406284068
1084996620
1082746710
1333304707
1343203021
1482505341
1443007610
925752090
912236844
1292197432
1310650669
1174767311
1184704752
1227689562
1223013596
1237590121
1186352549
1171693548
1223013397
1270694760
1292771552
1090127532
844671516
1299386055
1335678594
1256287503
1383119310
1375356255
1352272325
1273716429
1319151858
1247585501
1421295039
1453708661
1457730865
923606992
1580458658
1576822084
1606833428
1514810968
1030135569
1295193381
1277426220
937434907
1444124501
1471433265
1481567463
1175641988
1613969421
1620286408
1495033302
1343792800
923274738
1063710976
1270688616
1259658821
1133800525
1270900765
1236009013
1060278794
1312291409
1301678076
966876904
1354657680
1374377674
1269011151
1517620122
1528691770
1509538998
1197530745
1264719043
1267422312
1156499429
1262418573
1245182910
911233133
892721403
1222504866
1224265776
1229323179
1237584371
1195265292
814719641