1565460544
2041339113
2387035345
2388455009
2394024598
2287118385
2296784011
2356022061
2378599262
2391092105
2387775391
2368684227
2324597318
2471702845
2466883058
2531844020
2682652502
2635516035
2669910858
2671320910
2640154407
2625692144
2619116538
2543568741
2516091996
2872958490
2905944792
2937237535
3103420810
3069584490
2990163292
2944888026
2960744440
3059220792
2981183184
3010443746
2995237921
2907132392
2874188861
2905797952
2919602824
2899993173
2917796227
2711272134
2733539325
2702435011
2498166389
2498300623
2647828427
2656503361
2766232208
2953249598
2916372404
2883928094
2885863537
3017140255
3055386021
3147491856
3131112331
3141821407
3114241663
3181972548
3130588244
3117604042
3171272850
3200626746
3125667787
3113074244
3257010282
3368518475
3428454632
3451206438
3458393600
3526161548
3520237430
3425709510
3446813694
3419296516
3396394370
3394496287
3416537095
3387181497
3430709582
3425718150
3413407059
3542474377
3573831755
3542408589
3540729471
3564956186
3578190805
3575126857
3613623294
3500970865
3492909662
3495509259
3462511875
3590754329
3577963538
3586550726
3548637656
3522674617
3523627002
3446657520
3404986630
3402502217
3508160542
3653815009
3667561644
3752173153
3741284885
3774171705
3723888888
3721149917
3713922808
3603458177
3603157812
3659677617
3682003376
3782732569
3843928916
3878876709
3960113153
3996121014
3961110364
3969742452
4007564493
3967589959
3918160971
3926642607
3893265545
3875389700
3989423501
3987801883
3968105114
3993705740
4023173947
4107228780
4045159207
3938918757
4018298690
3934173945
4014177440
3924067697
3905206123
3910932421
3973191249
3919620263
3920595814
3910624619
3956915419
3794946189
3833097425
3731263436
3700631049
3762726972
3733983307
3692097244
3841023805
3864207866
3978259955
3903065857
3895027463
3835149054
3842692797
3831508478
3793775044
3777005590
3847324021
3848358305
3852501038
3857735015
3945408066
3981002686
3960898913
3922158534
3995533224
4028519244
3925332435
3971222108
3879105605
3888847087
3893956748
3863848697
4011910524
4019356719
3975233249
4037224287
3907799295
3913788600
3855401961
3851692997
3728337914
3771713711
3757324733
3672210518
3712821243
3678477855
3735281651
3717333921
3689987098
3690975614
3793683229
3792317038
3773280945
3820058318
3916740970
3915091211
3987172141
3918192258
3955932017
3984486802
3867563646
4064269062
4064248754
4064166963
4043106022
4000748204
4012474992
4027049517
3951293651
3949713656
3804455858
3888418298
3751420536
3800887423
3742472541
3653570512
3607490625
3679925103
3641084702
3792446903
3868114407
3891859598
3922551357
3914494184
3982468679
3929186973
3894858352
3833565137
3885077499
3861485491
3902552936
3934879645
3994505002
3995517819
3978947164
4017933981
3981057170
4008316790
3962845546
3947296733
3988462610
3906223860
3964474426
3908894086
3958617544
4009023111
3940839752
3983409920
3922016129
4033116764
3963662219
4057226919
3998465843
4048781941
3955306227
4050850187
4018069299
3985316998
3949095078
3945194060
3926884487
4010307508
3972747062
3983911567
4036744341
4025329643
4017311136
3991592462
3939205909
3961189336
3915673239
3953601514
3864322492
3922346852
3812060659
3932514580
3907603944
3894437276
3858029978
3884010702
3870793916
3929669961
3936090611
3873879955
3933334884
3993066622
3959469886
3842169088
3868921988
3844321972
3802259932
3727860448
3744683442
3715302219
3730278025
3759803283
3705307224
3791726439
3807815854
3889463209
3856716784
3840264745
3805909403
3841027217
3860443709
3813658312
3820745804
3860173231
3848388565
3840422168
3905161514
3874180091
3882066436
3883656416
3949485143
3921624774
3979771195
4015134634
4015592096
4020445477
3922293446
3893091828
3763487951
3790192083
3594149030
3600446160
3504719648
3383304588
3403776257
3404462646
3363567001
3493480018
3492482727
3646402178
3589123533
3606120537
3628404472
3521282999
3528682661
3395852148
3377834594
3185433928
3192040450
3184349332
3220919419
3227190720
3283188151
3288604224
3326811002
3302281646
3314000156
3316623371
3370849969
3249600248
3196310708
3321330773
3281557372
3285839559
3191639625
3367944177
3308644563
3366525830
3383154195
3257555475
3261607608
3350137230
3290900980
3352396047
3315723923
3327464728
3350105778
3328667326
3327151570
3309798100
3465825300
3454208823
3469532114
3434413582
3406394446
3429606097
3387417054
3340840388
3278735759
3220977807
3249004010
3287882663
3312466914
3254627433
3249856684
3290442816
3352979108
3146278211
3107234445
3104363753
3110861906
3081169916
3134402008
3288267168
3292950390
3313501957
3114739176
3099626809
3104325304
2944786181
3131596017
3151413569
3168435247
3290118669
3285936980
3387169748
3420109202
3330370443
3333055004
3345629261
3371367349
3386280923
3365385828
3381588467
3413934826
3327134047
3385191867
3201529774
3214641625
3132289115
3127694048
3144070215
3205626075
3410725201
3448561179
3424765430
3433156602
3426449526
3481199226
3512831096
3339795145
3191272121
3181386543
2538159901
2522463087
1848167757
2092447596
2193916436
2342688959
2306620110
2342014984
2267461637
2247105481
2213465421
2213575038
2199224102
2079606708
2289678217
2311637112
2321687016
2224807173
2131500879
2028418504
2023805935
2008631608
1998204982
1874841804
1972048543
2009040183
2105025142
2059998726
1864158321
1803412021
1792095836
1742555177
1529653014
1487182383
1660954643
1715843773
1747238330
1692594425
1399850855
907147173
1573396178
1570338899
1491410214
1131891602
1649759410
1673773196
1749384863
1893820116
1829296704
2154234375
2125183772
2143802487
1833613377
1786435863
1696674134
1699358153
1746277306
1687758184
1703749993
1728144732
1526512096
1496351342
1461042610
1521075390
1600768816
1599452448
1715002122
1715149901
1644285120
1621384198
1472503691
1478016362
1447122419
1376885363
1349307970
1208573405
1116575464
1124079559
1225768797
1239422816
1240476408
1177633415
1215723719
1301652586
1317064595
1230775621
1227116521
1234049683
1248189895
1231697772
1190140607
1192809200
1089681340
845952023
1127793930
1271003857
1192013586
1015276252
1071170421
1088040888
1132009584
1231873467
1139620932
1019072564
994452627
877515791
1447447486
1431728327
1461218187
807328213
1103899409
1245002324
1233011803
1075702663
704427351
829559455
796861637
1060822453
1097773078
1142166949
1114723820
1122979458
906334687
1101593101
980961200
812283436
712465192
707213000
701097714
711149189
778746286
699615672
507946791
854941944
853854706
853295872
856362775
796385028
923301881
698328475
751630624
905592116
740179113
750859624
743385518
507807937
797336982
789203279
797324855
796741513
696661622
710964646
707172975
706197469
720982456
711174465
707973131
676979544
481979004
1338565644
1332413972
1292476653
890350075
906269500
704615675
884497157
1008616582
845972090
615148485
716442244
780538517
761742623
954461145
995965688
741466774
691519292
701036574
703736177
698606626
706663513
705639497
707860657
581074486
854603220
819003836
898820619
915507611
602394226
705515924
706886106
692252176
709734972
711661129
721646351
531078609
934099512
1004784284
820939174
1035492220
1016674328
814084128
743034174
944450393
1075432353
931713650
743849752
961688352
945539802
948525397
895620027
681663123
707386212
703387901
697203380
712230184
699422429
711690509
688927763
729441464
711951051
770406245
700431390
709802639
699660811
549691828
870011696
867150654
869819956
867683110
1010831898
1095513622
829474875
1033761124
936157553
1001285838
1052166718
880170114
706374900
713611569
705266592
707651861
710708244
715980690
679095630
569149203
882841536
851724097
906923135
975207983
569760801
805449465
774926491
690550278
867964599
717086877
721587825
714895131
554357262
722276900
709542498
574393585
673061818
698280869
671397024
696786127
596885503
718718181
716001084
508908201
793516290
778974146
631409022
696607751
568504997
709900357
701478173
503237539
774916949
770883442
717102004
718624427
576767084
708738895
707318627
672632738
712258528
559623740
786368270
773540938
802904151
803676081
784706342
780023445
818101910
958622596
684247603
704774563
682545400
730766414
719009832
838812323
837396366
483693580
890386770
887819722
927923136
948774604
633427925
985090654
887971958
868197497
1092252176
960957218
717610687
711633691
756213682
894641813
767594013
943009907
879258436
550968749
943006903
941376809
816507463
864622870
726965097
882342423
765020941
880461425
997569328
717763833
720095753
710307929
548822619
687699617
680266001
691910481
692081558
463689134
914738814
935348014
1117148932
1128453292
1142966060
1209758568
1190990916
1158865474
1301079261
1268916383
895840110
881724434
773327339
809726104
753929871
1396766661
1415927135
1404304106
1174139936
1334894833
1362129915
1311952019
1306259259
1016741028
924496920
1413735481
1406137311
1191534154
1164175901
1250179517
1208378981
1027927992
1396274373
1404985285
1083550762
1081649070
1329443291
1331019697
1481066969
1441539651
924266408
910479659
1283510396
1309079238
1173321429
1183246338
1226247879
1221021964
1236031645
1184848624
1169826142
1221654473
1268781678
1291211994
1088346319
843076479
1295896549
1327192249
1254896916
1379745559
1358849205
1350945825
1270420832
1308505004
1239379687
1418021528
1452293824
1456252666
922157486
1568879551
1575422461
1599439027
1513322498
1028643480
1293583989
1276035825
936044017
1442290655
1470173404
1480169124
1174226938
1612316550
1618713487
1493560637
1342291424
921822785
1062233973
1269122015
1258244920
1132058248
1261951428
1234412203
1058881151
1310660025
1300233807
965205186
1351129459
1354561282
1267449729
1510919076
1510706022
1508017536
1196279190
1263169462
1265736948
1144391863
1261002943
1243616056
909709329
891280647
1221104250
1222896401
1227923726
1236239776
1191826715
807518595