2099399871
2204072238
2346221030
2313079203
2343576482
2268549347
2248582511
2221466737
2215233576
2200708234
2081308172
2305397396
2313758230
2323491408
2227068953
2133189586
2041136257
2031571642
2010219317
2001771819
1895516546
1984283042
2010685529
2107226008
2061764037
1865689006
1805056770
1802975473
1744053015
1536751164
1488791092
1662818139
1717395822
1748755089
1693697654
1401422612
908838661
1575461304
1594321562
1492870187
1133438862
1658101883
1676120632
1751010845
1895264750
1842132394
2166331446
2126386269
2146032806
1842073563
1787933517
1698178746
1701298456
1748163153
1689234883
1705473566
1729739214
1535736327
1497968961
1462721966
1522563796
1602483293
1601054330
1717717508
1716738372
1645835988
1631203800
1474044090
1479404483
1448573975
1378372002
1350830864
1210050339
1118044984
1125412344
1227634789
1240859749
1241921015
1179220930
1217217408
1303433332
1318556508
1232257415
1228668684
1235610177
1249731546
1234477574
1196867471
1194713845
1091490586
847734758
1131337553
1272981848
1193615977
1016764309
1072756970
1089862677
1133388756
1234471828
1141132710
1020475444
995924731
879079568
1458408870
1433047319
1465056525
808734424
1105294124
1246792759
1234544325
1077422886
705895221
831095004
798556763
1064249277
1099096050
1143634709
1123099401
1124418992
907761748
1102995656
982403070
813718344
721032243
708644518
702552011
712709216
780348366
701367322
509404576
858520024
855246126
856624859
857828691
799753811
924772919
700103165
753096406
907466002
741598766
752267121
744995777
508989782
798793188
791023934
800634597
798509847
698145074
712801378
708651921
708075555
730772263
713188390
709546963
678754092
483455602
1342053512
1344827517
1293976032
893524867
907734084
708844071
885914173
1010056374
847453063
618538213
717906092
782346217
764914425
963275069
997468111
742987227
693073565
702491118
705179984
700036232
708085867
708230165
709395816
582570317
858052675
820426064
905967301
916953925
612219102
707004021
708373515
693818596
711180814
713112323
723069574
532534802
938003555
1006244182
822458988
1036930054
1018235128
816063941
744946287
946283961
1077061824
933149158
745377069
963236526
947100291
949941261
901592025
683339676
708991376
704839204
698667673
713710305
703184287
713133886
690361473
737300991
713286734
771953340
701850597
711292926
701072921
551094542
874000530
868557509
873946773
869142992
1014098962
1096983935
837813847
1035177220
937608822
1004593801
1053590286
881566716
707862621
715085177
706776045
709066466
712113673
717393881
680501691
570391233
891473457
853289670
910388204
976693013
571414063
808963699
776479892
694018025
869401779
718619266
722922746
716378215
558780396
723702126
711323515
575920560
674965951
699678548
672857661
703831132
598322154
720254744
717453824
510242873
794947048
780462769
635017049
697989222
569916364
711311245
703041950
504397418
776522940
772297774
720463049
720031023
578134033
710272491
709307033
674012657
713942145
561092824
789724102
774984903
806400203
805007680
786124320
781574299
819515279
960001681
686029636
706262653
684180256
731996596
720778228
840136474
839026797
485179500
893722736
889183392
931698761
950214859
635241384
986575991
889524832
869441475
1093731138
962349050
719021746
713089022
757351607
896213313
769396457
955714099
880685075
555019567
946351080
942723600
817685176
866084151
728628020
883775422
766508318
881720534
999033261
719265573
723927857
711758817
550220550
689321340
682013711
693349572
693864348
465127149
922833505
935835474
1119019350
1132060778
1144340233
1211146452
1192378640
1160641423
1313718686
1270426188
897411695
883140756
774957699
811174845
755700445
1398358091
1420012384
1405673837
1178192227
1336379198
1363502701
1313393539
1307595337
1018165409
925943052
1415240029
1407600821
1193409008
1165941007
1251743210
1209878325
1029269648
1397785544
1406284068
1084996620
1082746710
1333304707
1343203021
1482505341
1443007610
925752090
912236844
1292197432
1310650669
1174767311
1184704752
1227689562
1223013596
1237590121
1186352549
1171693548
1223013397
1270694760
1292771552
1090127532
844671516
1299386055
1335678594
1256287503
1383119310
1375356255
1352272325
1273716429
1319151858
1247585501
1421295039
1453708661
1457730865
923606992
1580458658
1576822084
1606833428
1514810968
1030135569
1295193381
1277426220
937434907
1444124501
1471433265
1481567463
1175641988
1613969421
1620286408
1495033302
1343792800
923274738
1063710976
1270688616
1259658821
1133800525
1270900765
1236009013
1060278794
1312291409
1301678076
966876904
1354657680
1374377674
1269011151
1517620122
1528691770
1509538998
1197530745
1264719043
1267422312
1156499429
1262418573
1245182910
911233133
892721403
1222504866
1224265776
1229323179
1237584371
1195265292
814719641
