2092447596
2193916436
2342688959
2306620110
2342014984
2267461637
2247105481
2213465421
2213575038
2199224102
2079606708
2289678217
2311637112
2321687016
2224807173
2131500879
2028418504
2023805935
2008631608
1998204982
1874841804
1972048543
2009040183
2105025142
2059998726
1864158321
1803412021
1792095836
1742555177
1529653014
1487182383
1660954643
1715843773
1747238330
1692594425
1399850855
907147173
1573396178
1570338899
1491410214
1131891602
1649759410
1673773196
1749384863
1893820116
1829296704
2154234375
2125183772
2143802487
1833613377
1786435863
1696674134
1699358153
1746277306
1687758184
1703749993
1728144732
1526512096
1496351342
1461042610
1521075390
1600768816
1599452448
1715002122
1715149901
1644285120
1621384198
1472503691
1478016362
1447122419
1376885363
1349307970
1208573405
1116575464
1124079559
1225768797
1239422816
1240476408
1177633415
1215723719
1301652586
1317064595
1230775621
1227116521
1234049683
1248189895
1231697772
1190140607
1192809200
1089681340
845952023
1127793930
1271003857
1192013586
1015276252
1071170421
1088040888
1132009584
1231873467
1139620932
1019072564
994452627
877515791
1447447486
1431728327
1461218187
807328213
1103899409
1245002324
1233011803
1075702663
704427351
829559455
796861637
1060822453
1097773078
1142166949
1114723820
1122979458
906334687
1101593101
980961200
812283436
712465192
707213000
701097714
711149189
778746286
699615672
507946791
854941944
853854706
853295872
856362775
796385028
923301881
698328475
751630624
905592116
740179113
750859624
743385518
507807937
797336982
789203279
797324855
796741513
696661622
710964646
707172975
706197469
720982456
711174465
707973131
676979544
481979004
1338565644
1332413972
1292476653
890350075
906269500
704615675
884497157
1008616582
845972090
615148485
716442244
780538517
761742623
954461145
995965688
741466774
691519292
701036574
703736177
698606626
706663513
705639497
707860657
581074486
854603220
819003836
898820619
915507611
602394226
705515924
706886106
692252176
709734972
711661129
721646351
531078609
934099512
1004784284
820939174
1035492220
1016674328
814084128
743034174
944450393
1075432353
931713650
743849752
961688352
945539802
948525397
895620027
681663123
707386212
703387901
697203380
712230184
699422429
711690509
688927763
729441464
711951051
770406245
700431390
709802639
699660811
549691828
870011696
867150654
869819956
867683110
1010831898
1095513622
829474875
1033761124
936157553
1001285838
1052166718
880170114
706374900
713611569
705266592
707651861
710708244
715980690
679095630
569149203
882841536
851724097
906923135
975207983
569760801
805449465
774926491
690550278
867964599
717086877
721587825
714895131
554357262
722276900
709542498
574393585
673061818
698280869
671397024
696786127
596885503
718718181
716001084
508908201
793516290
778974146
631409022
696607751
568504997
709900357
701478173
503237539
774916949
770883442
717102004
718624427
576767084
708738895
707318627
672632738
712258528
559623740
786368270
773540938
802904151
803676081
784706342
780023445
818101910
958622596
684247603
704774563
682545400
730766414
719009832
838812323
837396366
483693580
890386770
887819722
927923136
948774604
633427925
985090654
887971958
868197497
1092252176
960957218
717610687
711633691
756213682
894641813
767594013
943009907
879258436
550968749
943006903
941376809
816507463
864622870
726965097
882342423
765020941
880461425
997569328
717763833
720095753
710307929
548822619
687699617
680266001
691910481
692081558
463689134
914738814
935348014
1117148932
1128453292
1142966060
1209758568
1190990916
1158865474
1301079261
1268916383
895840110
881724434
773327339
809726104
753929871
1396766661
1415927135
1404304106
1174139936
1334894833
1362129915
1311952019
1306259259
1016741028
924496920
1413735481
1406137311
1191534154
1164175901
1250179517
1208378981
1027927992
1396274373
1404985285
1083550762
1081649070
1329443291
1331019697
1481066969
1441539651
924266408
910479659
1283510396
1309079238
1173321429
1183246338
1226247879
1221021964
1236031645
1184848624
1169826142
1221654473
1268781678
1291211994
1088346319
843076479
1295896549
1327192249
1254896916
1379745559
1358849205
1350945825
1270420832
1308505004
1239379687
1418021528
1452293824
1456252666
922157486
1568879551
1575422461
1599439027
1513322498
1028643480
1293583989
1276035825
936044017
1442290655
1470173404
1480169124
1174226938
1612316550
1618713487
1493560637
1342291424
921822785
1062233973
1269122015
1258244920
1132058248
1261951428
1234412203
1058881151
1310660025
1300233807
965205186
1351129459
1354561282
1267449729
1510919076
1510706022
1508017536
1196279190
1263169462
1265736948
1144391863
1261002943
1243616056
909709329
891280647
1221104250
1222896401
1227923726
1236239776
1191826715
807518595
