1569376731
2053132620
2398553966
2389978546
2395632931
2288815452
2298442748
2373791316
2380200846
2392820644
2389447823
2378406597
2326651870
2473677006
2468493985
2533255494
2693355694
2644069938
2678705551
2673060313
2653146150
2627384996
2620818283
2551419355
2517687810
2874675818
2907663929
2939033470
3116193790
3078589697
3002992058
2946547016
2962368945
3060948560
2982755333
3021609611
2996955261
2908480944
2875709832
2907458879
2921351457
2902480551
2922274817
2713010249
2735428689
2704034195
2499802344
2499852601
2649436853
2658136670
2767869300
2963349500
2917933357
2885443519
2887429331
3018732997
3057353446
3160017977
3132753685
3143524389
3124342282
3183562988
3132452166
3119235173
3172884658
3202172039
3141173154
3117007807
3258773811
3370081879
3449926468
3452894738
3459952396
3538711503
3532234154
3634282004
3455195697
3422178551
3405091879
3396081592
3426869459
3388699651
3432599064
3427378126
3415263416
3544139429
3575539854
3555079569
3542464643
3566586476
3579845382
3588131248
3615266482
3502500881
3494625371
3497140929
3464222398
3592313562
3579625587
3588217750
3550199869
3531773447
3525399560
3455413234
3406822572
3404125015
3509683168
3661565725
3672207494
3753676625
3742917150
3775676385
3725490972
3723678877
3715677638
3616580605
3604777573
3667937015
3683586213
3784595345
3852254843
3880563656
3961822805
4004914366
3962743854
3982456885
4009263154
3969183821
3919711409
3929190666
3928405521
3883900410
3991921155
3996144494
3969657377
3995530281
4024782486
4109071316
4053531358
3947220504
4019893850
3935798162
4015839321
3925653532
3906768330
3912614114
3974904313
3921162757
3922266876
3912963567
3958394593
3803611999
3834779272
3732799820
3702165645
3764269825
3799035531
3909345271
3845777902
3865884440
3979837009
3904738259
3896841271
3836998669
3844340284
3833145109
3801050569
3778870723
3848970853
3849963141
3854078778
3859275761
3947318390
3982544450
3972656492
3924047196
3997079276
4030018898
3926820752
3972749402
3880710780
3890365615
3895816976
3865329030
4013715639
4031982290
3976707913
4038820625
3909625660
3915389513
3857002796
3853506969
3729875164
3981873674
3758883480
3673851364
3714430195
3679987875
3736866897
3718945594
3701130852
3692543862
3795314683
3793973435
3774766646
3821615076
3919165526
3916816999
3998074479
3919775114
3957449994
3988552722
3869106993
4065928157
4065840029
4068475736
4044686587
4002276043
4014176690
4042613278
3962816350
3951190588
3806000818
3996166165
3752971466
3802702674
3743971462
3665546244
3609078586
3688819064
3642654740
3794250944
3869612738
3893445474
3935715828
3919665179
3984198011
3938920202
3896401534
3835386507
3886585290
3862977755
3918070636
3936557668
3996068169
3997010095
3980468202
4062809812
3997354183
4009840251
3973860737
3957791834
3989992402
3907817549
3965974030
3910247497
3960098168
4017811522
3942470719
3984874932
3927837805
4042634204
3970300176
4067910667
4000168118
4050282439
3968071996
4052373920
4019902203
3986824283
3950687026
3953568922
3928474564
4011817564
3974292129
3985408553
4038339735
4026836685
4021534299
3993090548
3940671779
3963101265
3917261346
3955122159
3865845354
4117348653
3813599161
3934113155
3909208056
3896354093
3873574127
3885714466
3877513463
3931253278
3937567093
3881773540
3934904248
3994864120
3961055546
3843497225
3943583911
3919788029
3803966558
3729421278
3746215945
3716846403
3735304800
3761353979
3706768759
3793294773
3809328473
3891045378
3858179140
3849025700
3807498022
3842840129
3861934508
3815531640
3822239676
3948391424
3849986935
3841978964
3906721607
3875799968
3883540602
3893185220
3951049727
3923100590
3981278418
4016594009
4017186743
4038807753
3923930974
3894926104
3765018494
3791654887
3595662127
3672879625
3506204338
3384904385
3405409768
3405909516
3365056633
3495065876
3501385295
3647980391
3590400150
3607584755
3629858256
3522929615
3530175341
3397391886
3379116759
3190151360
3193948157
3186077096
3222383773
3228618963
3284696172
3290080412
3328574557
3303751268
3315469302
3318120258
3372376389
3251221207
3197763585
3334198978
3283051627
3287376511
3193150140
3369649029
3310033128
3367929811
3384673041
3259070307
3263169519
3351956821
3292418858
3365345858
3316918042
3329025125
3360398921
3330277395
3328744292
3311275048
3474899229
3455717403
3471033382
3435988682
3408004529
3431407939
3396388245
3342500394
3280375036
3222545622
3251127218
3289592947
3313947443
3263681595
3251847093
3291728080
3354617287
3159356894
3108692793
3115442590
3112336659
3082643990
3136207310
3291577728
3295720068
3314950477
3127588595
3101195263
3105863742
2946327428
3133203123
3152637569
3169925700
3291736187
3287243881
3393988640
3421596195
3331880453
3334563769
3347125566
3372863170
3387861129
3367007623
3383099185
3415840140
3328623764
3386680606
3214376501
3216145853
3133825927
3129111369
3145994312
3207142629
3412289288
3450129091
3426188256
3434712534
3437557620
3483038434
3514313358
3341290957
3192922307
3182903935
2539834853
2531446317
1850021724
