1565460544
2041339113
2387035345
2388455009
2394024598
2287118385
2296784011
2356022061
2378599262
2391092105
2387775391
2368684227
2324597318
2471702845
2466883058
2531844020
2682652502
2635516035
2669910858
2671320910
2640154407
2625692144
2619116538
2543568741
2516091996
2872958490
2905944792
2937237535
3103420810
3069584490
2990163292
2944888026
2960744440
3059220792
2981183184
3010443746
2995237921
2907132392
2874188861
2905797952
2919602824
2899993173
2917796227
2711272134
2733539325
2702435011
2498166389
2498300623
2647828427
2656503361
2766232208
2953249598
2916372404
2883928094
2885863537
3017140255
3055386021
3147491856
3131112331
3141821407
3114241663
3181972548
3130588244
3117604042
3171272850
3200626746
3125667787
3113074244
3257010282
3368518475
3428454632
3451206438
3458393600
3526161548
3520237430
3425709510
3446813694
3419296516
3396394370
3394496287
3416537095
3387181497
3430709582
3425718150
3413407059
3542474377
3573831755
3542408589
3540729471
3564956186
3578190805
3575126857
3613623294
3500970865
3492909662
3495509259
3462511875
3590754329
3577963538
3586550726
3548637656
3522674617
3523627002
3446657520
3404986630
3402502217
3508160542
3653815009
3667561644
3752173153
3741284885
3774171705
3723888888
3721149917
3713922808
3603458177
3603157812
3659677617
3682003376
3782732569
3843928916
3878876709
3960113153
3996121014
3961110364
3969742452
4007564493
3967589959
3918160971
3926642607
3893265545
3875389700
3989423501
3987801883
3968105114
3993705740
4023173947
4107228780
4045159207
3938918757
4018298690
3934173945
4014177440
3924067697
3905206123
3910932421
3973191249
3919620263
3920595814
3910624619
3956915419
3794946189
3833097425
3731263436
3700631049
3762726972
3733983307
3692097244
3841023805
3864207866
3978259955
3903065857
3895027463
3835149054
3842692797
3831508478
3793775044
3777005590
3847324021
3848358305
3852501038
3857735015
3945408066
3981002686
3960898913
3922158534
3995533224
4028519244
3925332435
3971222108
3879105605
3888847087
3893956748
3863848697
4011910524
4019356719
3975233249
4037224287
3907799295
3913788600
3855401961
3851692997
3728337914
3771713711
3757324733
3672210518
3712821243
3678477855
3735281651
3717333921
3689987098
3690975614
3793683229
3792317038
3773280945
3820058318
3916740970
3915091211
3987172141
3918192258
3955932017
3984486802
3867563646
4064269062
4064248754
4064166963
4043106022
4000748204
4012474992
4027049517
3951293651
3949713656
3804455858
3888418298
3751420536
3800887423
3742472541
3653570512
3607490625
3679925103
3641084702
3792446903
3868114407
3891859598
3922551357
3914494184
3982468679
3929186973
3894858352
3833565137
3885077499
3861485491
3902552936
3934879645
3994505002
3995517819
3978947164
4017933981
3981057170
4008316790
3962845546
3947296733
3988462610
3906223860
3964474426
3908894086
3958617544
4009023111
3940839752
3983409920
3922016129
4033116764
3963662219
4057226919
3998465843
4048781941
3955306227
4050850187
4018069299
3985316998
3949095078
3945194060
3926884487
4010307508
3972747062
3983911567
4036744341
4025329643
4017311136
3991592462
3939205909
3961189336
3915673239
3953601514
3864322492
3922346852
3812060659
3932514580
3907603944
3894437276
3858029978
3884010702
3870793916
3929669961
3936090611
3873879955
3933334884
3993066622
3959469886
3842169088
3868921988
3844321972
3802259932
3727860448
3744683442
3715302219
3730278025
3759803283
3705307224
3791726439
3807815854
3889463209
3856716784
3840264745
3805909403
3841027217
3860443709
3813658312
3820745804
3860173231
3848388565
3840422168
3905161514
3874180091
3882066436
3883656416
3949485143
3921624774
3979771195
4015134634
4015592096
4020445477
3922293446
3893091828
3763487951
3790192083
3594149030
3600446160
3504719648
3383304588
3403776257
3404462646
3363567001
3493480018
3492482727
3646402178
3589123533
3606120537
3628404472
3521282999
3528682661
3395852148
3377834594
3185433928
3192040450
3184349332
3220919419
3227190720
3283188151
3288604224
3326811002
3302281646
3314000156
3316623371
3370849969
3249600248
3196310708
3321330773
3281557372
3285839559
3191639625
3367944177
3308644563
3366525830
3383154195
3257555475
3261607608
3350137230
3290900980
3352396047
3315723923
3327464728
3350105778
3328667326
3327151570
3309798100
3465825300
3454208823
3469532114
3434413582
3406394446
3429606097
3387417054
3340840388
3278735759
3220977807
3249004010
3287882663
3312466914
3254627433
3249856684
3290442816
3352979108
3146278211
3107234445
3104363753
3110861906
3081169916
3134402008
3288267168
3292950390
3313501957
3114739176
3099626809
3104325304
2944786181
3131596017
3151413569
3168435247
3290118669
3285936980
3387169748
3420109202
3330370443
3333055004
3345629261
3371367349
3386280923
3365385828
3381588467
3413934826
3327134047
3385191867
3201529774
3214641625
3132289115
3127694048
3144070215
3205626075
3410725201
3448561179
3424765430
3433156602
3426449526
3481199226
3512831096
3339795145
3191272121
3181386543
2538159901
2522463087
1848167757
