98280896
285423679
383849846
452185709
3822522911
5014283014
5224885959
228403474
5279008201
5360951863
5264168109
5337453749
5310776134
459111738
5300865557
5350966956
388691305
339577319
226107430
314699657
5323366299
231904613
5277760799
5205113165
5493138478
5373251439
5177252332
344548187
5335817078
5294190887
473232004
313487860
538619489
317608675
304217536
265675348
5423624009
5468542915
261590825
5423890901
5377468067
5152126605
5190271917
5184974898
5153556833
382110579
5302902028
219900538
345042345
5003678479
633329227
4865761667
4764267322
251795367
157388147
399573182
452921177
4708783540
4839582648
5130123604
5011824365
5128725395
5130737720
5041347891
5013468505
4974441072
5155633640
480862140
5197959553
5148903358
5091267177
5130671017
5184721264
5193483117
5091860495
5228827957
5151208370
447404903
350924444
5271906971
5294890949
791736051
256502094
5145344725
255394094
5254348555
5267004497
5294701918
5177604316
5324652537
5099244480
5201359812
361412241
430602123
406570098
651937134
5288595091
284644014
5395600454
356764533
5250025314
205810302
5291440364
5426100148
5558947605
5649320569
5430321650
463167643
5254425244
270529614
5458321042
5296740674
5373495565
5369098206
5206950865
5353715003
5187762793
5252112030
5172611585
5021715858
312593159
555870203
713043516
5005832847
5214740938
5236840318
853561315
236873155
255030979
4991195899
5160521032
5110564464
5454392684
264170217
5224956854
5225158798
5362450313
5543391431
287552434
307442547
5226841347
298637547
5350710354
5473532426
245226740
5354852980
5458107138
5570854855
5602751244
5584609597
5316860092
5459326543
5218362196
5213845955
5267211626
348891159
5070150228
5217183043
256924775
5216271602
5153146480
5304459523
684072868
589231237
4986251582
5119403319
5088979480
435576946
573417779
277866830
495683172
5299097620
5326785161
5305814513
291181533
5229258429
5260592509
5621591065
5402942895
5253061158
5152424736
5252959632
420345185
5118358354
254637974
264898433
5194127940
294094639
5207432859
5123517370
271907565
5330559381
5136603679
5366000845
5288423667
5515841147
4999207973
5034115264
235982949
324512876
4936126004
317086997
231361011
5107347669
310832652
5241869836
5161759502
5207824222
5211098071
5237406124
5213822346
326712825
329484472
344411426
5014768650
5162176876
667004822
281843628
445838446
324134913
5088358030
5047294822
667536948
234097636
5036223424
5189403120
5244068663
5112558634
5134254204
5318472505
5006215134
5033528660
684659357
320988703
5019702576
5121301577
5238693825
5077994705
5167744326
5193551483
5218903005
5217729004
4964828461
4991516516
256023280
386258901
426545276
341995392
5116569126
5072286231
5195124595
267797791
358411119
222321865
5160780773
5452155951
5133294899
5406404507
5163559012
5312054511
286838845
5252313882
5617396128
320113778
160533218
1030514739
246092632
5652177007
5360009496
5397654068
5282324349
5303218136
280960704
5307233142
5649766019
5276074691
374593853
5240435220
5340053959
264251164
271925918
392712291
846204389
5382224117
5423717084
504988545
5516191284
266017500
5332512706
5139729306
5468108113
5342316008
5383143467
5410241760
5338408112
5398560712
385289930
5519434525
5396649105
692605427
5335269646
5310909073
5430666815
402973546
5382346355
314005094
5385031338
5438566753
5437159913
5138732360
5413656929
5363772428
5199996229
5073437004
5155448419
5142460061
5286415109
5236523826
317551083
319973189
5216384183
5110746739
5213234178
5448329049
5200660777
5323027688
5139081070
5273022458
249862803
417769008
5156079237
5189676771
5089815964
5004066050
5187685761
446009609
5096133405
214984823
5204317930
5192712946
5159850641
5149732486
5194349494
5229736683
5131278931
5102002738
368627611
5092163317
254974478
5181650917
5162800140
5175985592
5208369677
5197121526
471169825
243137076
4942806601
5160896340
5495745072
5079809265
850065865
5051709540
5190937158
5248682118
5191539471
5371267242
5337095147
5236686124
5251470999
5128084711
5231710817
5123506477
5049270048
5988946003
5898760675
5939489149
232425234
5928491793
6106974977
6014902389
6046291599
314259757
323995564
179544712
5864681420
5886101854
6251290203
5282004297
5324035950
5159357171
310324284
5294129374
376140407
5347522464
5267894574
254712686
5622660034
5399918477
5486053699
639782679
5477679692
258953653
407515511
811574909
190834967
248726440
338351338
5333454630
5557381864
236794822
206062867
5703145797
5236479613
5410798488
275400154
5213870876
5277968703
5527976144
5384004012
5306022711
5171734363
5148399613
5286978852
655949728
5191759838
5237108504
5119870604
5280954418
5408596012
335741765
206453089
5383604314
5404126839
5268897684
5285398866
5309791218
5351594529
299227331
5308278656
5329494040
5140317522
5111359825
5405390193
5240444850
5120109376
5218422766
5150693563
5195426238
5138714357
357772001
367161266
5267235194
5262630280
5192021322
5099436598
313016460
5578958374
5215008645
5258742499
5224221440
5384154018
434842109
5430859228
5286652335
5174443684
5394852419
5081668113
5234371605
307476463
238989633
5200538855
5269821185
4909162748
4942959491
5133315244
351599954
5091583170
5147579894
5177618744
5027464022
5048930180
5070309130
5224790917
327582808
4942963976
4899102974
5034813786
286326418
5067609491
5082115419
5218016382
5190309550
5330848871
5407306059
179916684
5307893868
5125415238
5207878839
5228111276
240931513
311264284
4998147390
5099412848
5229183486
4934163834
4897474294
264976481
4821106639
4932391124
4906646504
237809968
5038967129
5076180477
5097367114
4948232705
4987573090
322620889
4985766172
5014233333
5099318850
5141123611
314466978
320747603
265005365
276671562
4944921558
5091174146
5118949115
5146340480
5171257685
5085508492
234416439
5324589956
461247405
445921093
291170877
5683679508
253778340
5370470975
5425971249
5548285822
5398277114
5376072351
318729802
5618752330
5236780755
5189659127
5312177711
299256515
5138483897
5035964800
5175484067
226285321
338608594
5274697338
414901551
5230654421
5257652711
5281126263
5356542137
5260757113
362014162
5309029890
5299305096
5263537225
263830143
5372973221
254231154
5267611889
5270451151
5281054972
5405050865
5200076878
183498269
5277607767
279811241
5361772780
5466493880
5349901115
5408689844
5324680153
5254095597
5370653986
5241430599
5156661199
5462741814
5376764591
484304469
277427392
261301745
5346804115
306190656
5386701122
4763844834
4692707424
3860733898
3877010964
3810590436
3471850428
3026217158
