98572862
285646539
384081865
452393630
3822808779
5016517235
5225131823
229961364
5279281582
5361195669
5264438636
5337705484
5311013173
459373931
5301064519
5351217564
388945484
339824194
226370893
314893567
5323646183
232166395
5277997647
5205316624
5493387152
5373524692
5177446012
344797048
5336070208
5295324080
473438897
313758074
538880359
317815053
304481406
265926271
5423917559
5468749819
261846422
5424171119
5377758710
5152355204
5190476987
5185226478
5153813442
382323274
5303173549
220089411
345230713
5003918641
633533540
4866014766
4764495748
252013448
157629657
399787929
453129877
4709061731
4839899154
5130388067
5012019478
5128890914
5130886734
5041649731
5013751652
4974695028
5156472095
481143867
5198222133
5149179011
5091502035
5130903641
5184943639
5193639599
5092048661
5229051901
5151430368
447672443
351178535
5272173949
5295165654
791975890
257805642
5145617325
255645820
5254574965
5267193996
5294910270
5177837184
5324936253
5099490505
5201609665
361677704
430834553
406827714
652202722
5288815740
284888118
5395843872
357017261
5250326068
206068325
5291678342
5426301565
5559200038
5649601175
5430566694
463399138
5254677452
270746673
5458568006
5296990175
5373756835
5369373687
5207225576
5353961930
5188007732
5252351109
5172853598
5021973900
313660003
556113492
713274817
5006081972
5214992483
5237130568
853800370
237125976
256028715
4991420051
5160775321
5110805512
5454617356
264422195
5225234472
5225407761
5362693206
5543611640
287848093
307722091
5227085962
298909573
5350998270
5473779649
245472738
5355151722
5458366980
5571118037
5603026113
5584860253
5317144410
5459574731
5218593433
5214096108
5267492337
349162654
5070430048
5217434504
257179410
5216511580
5153429534
5304717290
684326829
589490488
4986488913
5119703309
5089239753
435817003
573682663
278110493
495908887
5299399096
5327129790
5306079335
291460477
5229507261
5260834791
5621794802
5403172284
5253337775
5152650170
5253249360
420610399
5118603739
254838235
265106555
5194371978
294348189
5207701312
5123770557
277120569
5330812150
5136770789
5366204698
5288666391
5516056415
4999464656
5034323437
236252641
324713541
4936389723
317341711
231617192
5107590036
311056845
5242204726
5161951729
5208024517
5211308878
5237630148
5214065176
326973264
329624360
344595787
5014960229
5162398544
667147901
282120132
446053351
324386508
5088619766
5047556153
667787099
234360325
5036458732
5189619015
5244271035
5112765466
5134509014
5318672059
5006485632
5033782899
684913322
321256136
5019883979
5121594647
5238955260
5078274332
5168017119
5195471743
5219107433
5217914188
4965079160
4991802577
256268834
386468195
426740696
342236569
5116811630
5072580993
5195402616
268046234
358661119
222585483
5161044231
5452410043
5133538697
5406660404
5163808579
5312299844
287053609
5252544633
5617633327
320404077
160739771
1030758491
246692002
5652442159
5360261959
5397895677
5282599637
5303468770
281199578
5307472944
5650003578
5276342563
374774665
5240641028
5340299718
264490340
272191178
392912823
846522553
5382469761
5423954407
505262411
5516416389
266254905
5332801858
5140004578
5468306812
5342512956
5383398090
5410483224
5338689124
5398804246
385544105
5519690409
5396879837
692835555
5335549319
5311138426
5430898045
403227797
5382605344
314227153
5385350873
5438814558
5437445663
5138947544
5413892356
5364003620
5200290207
5073713515
5155688804
5142687334
5286681799
5236767353
317789568
320244091
5216647578
5111012098
5213446300
5448600268
5200932286
5323224463
5139315151
5273268197
250121823
418015471
5156351534
5189923375
5090061973
5004295698
5187900235
446272006
5096368670
215222056
5204586267
5192920916
5160100706
5149976268
5194578692
5229979303
5131545868
5102253478
368882781
5092379424
255199348
5181915007
5163026673
5176244078
5208614940
5197373065
471449774
243403887
4943071836
5161094417
5495992720
5080069546
850306886
5051940916
5191178018
5248861089
5191802145
5371459026
5337363383
5236936079
5251740355
5128321079
5231996030
5123751389
5049502811
5993301846
5899019283
5939697081
234830340
5928777010
6107160464
6015156651
6046535819
314398768
324218069
179821367
5864896150
5886341842
6253033111
5290901434
5324268020
5159576977
310557266
5294371739
376368013
5347720504
5268083611
254962686
5622877264
5400143946
5486230337
639996743
5477890412
259174565
407721334
811811474
191032191
248911347
338599383
5333676545
5557609266
237017321
206269027
5703380724
5236751905
5410957140
275630529
5214081877
5278145251
5528197588
5384219153
5306248758
5171962096
5148605976
5288879726
656179480
5191954689
5237365366
5120083980
5281194080
5408850281
335950299
206682521
5383829154
5404362535
5269091901
5285579061
5310046442
5351823333
299441404
5308488781
5329748565
5140527287
5111576877
5405611663
5240674048
5120304081
5218639236
5150961393
5195612371
5138944976
358008844
367401211
5267466060
5262837976
5192269685
5099643927
313242298
5579186048
5215263148
5258948413
5224395770
5384376620
435064897
5431115526
5286873963
5174662070
5395037396
5081875488
5234539683
307707291
239171508
5200783215
5270010938
4909438231
4943144021
5133537412
351824797
5091832170
5147812627
5177838011
5027685470
5049114123
5070485778
5225015892
327799635
4943149537
4899342249
5035071692
286580564
5067830013
5082306397
5218229150
5190543377
5331044043
5407549393
180150123
5308071954
5125644409
5208009556
5228311247
241121696
311474526
4998362707
5099637411
5229393410
4934360973
4897681899
265193323
4821327005
4932598190
4906871923
238027430
5039190135
5076384077
5097543765
4948467230
4987755985
322808399
4985982129
5014440979
5099578093
5141338264
314684523
320920312
265220428
276848486
4945156379
5091394859
5119153399
5146520983
5171428712
5085721711
234609882
5324784441
461398154
446137468
291378616
5683891483
254003376
5370644048
5426199930
5548546358
5398514113
5376320776
318930622
5618936309
5236993302
5189875762
5312383988
299469281
5138745490
5036147128
5175688340
226495194
338842817
5274913964
415143842
5230836773
5257836847
5281338450
5356776341
5260978137
362225537
5309249780
5299499611
5263764388
264049579
5373188469
254475676
5267874249
5270695211
5281248140
5405264984
5200285974
183705277
5277816773
280030321
5361975963
5466729614
5350121267
5408928501
5324902350
5254347737
5370830573
5241671449
5156907890
5462953081
5377020370
484506391
277621235
261498307
5350764645
306512714
5386992757
4764157786
4693012285
3860998554
3877287024
3810886328
3472144026
3026486983
