146886132
334464641
467268001
436563205
3956924628
4895311164
5086600240
287194427
231459346
5328221735
5206842651
5090460279
5000352654
5389676499
5300090052
5183036255
340158389
320135482
228399014
314963913
4992577582
259766857
4995236034
5008513942
5073513980
5052027897
5057631652
5091526386
262832353
291028862
5032593577
4400466390
4410041221
356136319
371632526
324800391
585866778
340759913
3790143544
249449577
5133912355
5134362045
5383551014
5420486900
5323324609
342394272
244484427
5417183589
5227999410
359694098
812149419
5120169796
5159535251
5174661295
307726158
384123716
504029721
229972712
4182666342
5149974904
5170739985
5254321168
5182487274
5191046237
5064750772
5074222613
5079717285
5084845220
516519219
5024439067
4898070269
4910116964
5029778624
4977209849
5106927193
5112114754
5205562780
5211271663
457126254
5151232640
388792698
232103715
830649494
5073196920
229988327
5301256043
5315677933
5347534457
5137637077
5220490168
5277874265
5071742256
356169285
447599443
5202910099
421869787
255020522
688746644
5335832104
340801169
5214896567
250952521
5634633668
5688883589
5556353420
5749492490
282801132
5862565556
5343086771
5224908560
4963862199
4911955804
398599808
4995210521
5115178512
5139735068
5192851092
5209155726
5144653345
5259536250
4907478507
5136806181
4902288945
4382242463
304538395
533577105
767006898
940337732
276446166
317059376
5059353521
5171095035
5203060300
5396028369
5441156760
5460777114
5076400836
5260776974
273865122
4881409943
4860745337
360046159
373322934
342694734
244857548
4772458525
4929071395
5068924049
5127159095
5207531032
5220281210
5384708224
5156168019
5259278956
5323215081
375212999
5239965882
5340494417
5196289211
5145487323
244739115
5414623728
5222427498
275286104
5216067792
706535056
801876303
5326543151
5300863895
612906593
307457159
518626662
5445105479
5360292781
304936904
5315920051
5488675558
5308265970
5221331275
5189408552
5184080254
371233378
5252966410
5299120017
263216844
264916050
5294595411
289172448
5292524552
5195838869
229821208
5395657157
5499640652
5365549429
5432157523
5733847632
5339175121
5472395176
5192051315
295225664
410269245
346888523
243810843
342621767
5497641686
5604641165
5366123994
5154669657
5425072249
5456249440
5381170008
339307565
364272211
694420702
5167122683
246805562
424092851
5473814480
429747268
294042933
5041806964
5013896971
4931229711
696200467
289773717
4923010211
5103365373
5127696652
5145333020
5134230365
5227350748
5272647991
688331653
5148251306
421408413
5307863147
5269951900
5158715435
5248939094
5221396910
5246249147
5375890548
245444513
289911082
369772045
5257639988
238467507
5263435947
5078078287
5228945517
236284463
5197153214
5302368899
243027701
328186998
5331146521
5193286923
5376813004
5176037539
5199908077
5278022076
295664619
5477659372
178564667
878454975
267222684
274068249
5309609140
5111748636
5121691692
5112949700
234260998
5122595210
5085672512
5487012703
508614247
228283997
5482900292
5641597418
294907383
5580474653
345531604
5490483774
829995617
5466835372
5621977398
497211542
316487692
5484763680
5623223405
5112204574
5365263199
5390764720
5414046353
5367482549
5450845099
5380980133
5247085820
384043326
735840770
5235805946
325758086
5234988938
5291983140
5172094325
230091081
5216445598
5365936199
5472670102
5241666292
5089611957
5294904258
5191961466
5180114942
5106645424
5249323091
5298985091
5402809977
254302177
361590125
5285590211
5081202657
5104651591
5462266033
5080757020
5230155181
5028392854
5297741616
230888537
356975447
5113064578
5167155548
5070300490
5082734809
5168629265
5063821799
206090871
368619328
5220663080
5297532015
5130142093
5317282380
5337167794
5294962667
5240372412
5356114784
364758524
5307382409
5459996160
5399708122
301870302
5435219069
5490790058
5435227789
484468557
250327691
5478699298
5631878914
810963327
5315472548
5263474086
5279825879
5358512264
5381298769
5204551586
5413896158
5310344558
5133150617
5060911975
5085845302
5101608993
5096322457
5046187694
5230449734
5115483198
5154813284
223538175
5350918015
259655929
5148272046
286291105
163539210
5243523537
5367022588
5616165741
5299847607
5427893442
5441804981
5457464178
5303415500
309243590
5368038408
267592760
5284834581
259102690
5280246801
5581608234
5386203217
5451760423
652329250
5431320395
342849651
594475921
5568545239
326151116
1076395228
275447028
379733957
172534508
190081060
5531484305
5738914279
5531184135
5405774805
350237478
5239694250
5555546663
5300998887
5238862825
5275357775
5265496616
5276044384
5434002753
5123019511
679908586
5284975561
5221442849
5248015966
5260968577
5421871641
5344366507
222275697
449622864
5189611086
5288359083
5256597596
5201080299
308962996
5269983662
5112496216
5157103518
5286879777
5106368731
5253568408
5170983929
5255228161
5271560529
346158880
5262764977
5370543742
5377128542
5381640321
5228789102
363034413
5297085485
5711847937
230322605
5450774816
5300066729
5381391340
5551284358
5492412323
5427532716
5365167267
509698624
5477905816
5195075079
5301182099
270587442
319808672
5388845333
5386956976
5106683974
5116015813
5133154787
5082590418
5255974925
324200089
5285998446
5075882954
5235005184
5361911404
332277216
5202413665
5205994084
5046553199
5218390200
5193798494
5194485341
5218165711
288414739
5036756641
5053722270
5105809111
4927713596
211946572
5295635470
5300564272
5360912332
5379589537
5445198840
5495785959
5056450407
5045861334
4805049387
299669223
348859265
4676503966
268371419
5029754021
5052920036
5044593029
4970200425
5032216425
5234918256
305009379
5076020318
5081022454
318505665
5140371768
5124092503
314336727
382160930
246447498
256847387
5092087262
5106161115
5096941423
5158068059
178853990
5151916834
5192154452
5204919964
328698317
5506854005
311855592
365894419
5099461919
5202825100
369455776
5159252682
5503949244
5359945324
326102426
5396786782
5382014322
5285035258
5247771733
5143071532
5126447211
300573938
5020913872
224394082
329169403
5085185665
5000721855
4947642257
535334619
5259116769
5285719231
5243562471
5257355931
5258592529
314347625
5469454422
262473529
5397746502
240087665
5236675079
5191462456
5348315655
220319048
158019303
5365623109
5167390765
5315736058
5315220261
5424807961
5312056995
5300179075
5323008211
5273522484
4887482794
4814323809
4731234561
4520738531
4484419847
4582786401
4070709591
3357959217
