147304445
334854395
467622557
436999243
3957350209
4895766180
5087000951
287585304
231843153
5328671684
5207138441
5090844834
5000672760
5390100515
5300533623
5183418724
340637526
320447030
228794235
315280924
4993524663
260161413
4995617774
5008824114
5073903519
5052392115
5058032400
5092678442
263174343
291449285
5032945720
4401216480
4410374374
356486322
371950492
325201965
586214902
341174105
3790518272
249835755
5134327456
5134652900
5383909783
5420857189
5323652830
342784934
244932366
5417548458
5228329835
360115494
812554829
5120558517
5159962615
5174997380
323644798
384469567
504364804
230328492
4183075975
5150636791
5171169070
5254696264
5182970068
5191432006
5065192721
5075182104
5080136450
5085310105
516942235
5024841591
4898459758
4910452611
5030201388
4977557421
5107254294
5112382991
5205906728
5211526260
457517532
5151644453
389081460
232482014
831051872
5073618520
230328271
5301681058
5316010076
5347873419
5138022514
5221018637
5278280032
5072262942
356448541
448029343
5203307951
422844402
255374764
689095138
5336249926
341130227
5215243496
251556486
5635034033
5689274082
5556613055
5749883919
283156611
5862972971
5343425135
5225301669
4964250260
4912262909
398849479
5003341805
5116399388
5141272181
5193250169
5209462677
5145039911
5259945360
4907859247
5137149440
4902671856
4382619289
304853415
533867896
767307031
940637416
276780339
317425378
5059712568
5171449690
5203280406
5396400228
5441450112
5461029888
5076788765
5261155488
274135619
4881781931
4861117511
360390541
373562388
345541156
245209217
4772816657
4929414526
5069315730
5127457080
5207904722
5220571328
5391786722
5156484310
5259620264
5323606058
375569664
5240408154
5340925423
5196668601
5145909181
245094442
5415020806
5222840846
275572816
5216565392
706853927
802173179
5326870493
5301225566
613285087
307766920
518865402
5445495808
5360677102
305306256
5316336168
5488998725
5308604886
5221660310
5189802682
5184527307
371537547
5253243929
5299485274
263538659
265168485
5294930194
289527678
5292935372
5196186765
230172936
5396061585
5499927681
5365964246
5432520732
5735838239
5339542829
5472768120
5192473807
295474945
410559569
347231315
244173927
342943613
5498013723
5604998562
5366502271
5155146886
5425441782
5456623874
5381545783
339648385
364611391
694782139
5168135248
247060806
424417717
5474134047
429964560
294338559
5042184362
5014245470
4931625815
696541014
290121874
4923302710
5103761380
5128065296
5145734686
5134589520
5227606017
5273035223
688648715
5148637276
421785177
5308344227
5270392205
5159037701
5249318535
5221792436
5246573280
5376246726
245806026
290197044
370129186
5258028774
238702688
5263786931
5078526061
5229379826
236636106
5197586162
5302784641
243395912
328533783
5331514883
5193646026
5377202837
5176387531
5200258298
5278318148
295942390
5478009154
178876943
878851358
267417218
274360649
5309934392
5112514373
5131074721
5113373884
234606832
5123008112
5086079415
5487309004
508930660
228641269
5483258154
5641942815
304437668
5580859748
345903791
5490851501
830408534
5467209316
5624761435
497569403
316826052
5485208518
5623618854
5112540969
5365618229
5391124116
5414309907
5367844535
5451187566
5381393399
5247431358
384372268
736173325
5236205373
326098802
5235339203
5292353059
5172550396
230444892
5216933143
5366236966
5473042263
5242039064
5090094106
5295174481
5192394274
5180504291
5107040460
5249800557
5299390185
5403188840
254634373
361819672
5289149961
5081647789
5104942918
5462623228
5081175328
5230538561
5028735701
5298110822
231218196
357257578
5113425250
5167578195
5070626979
5083011385
5168969732
5064147534
206419831
368927683
5221024252
5297949910
5130466625
5317635288
5337555700
5295303563
5240739053
5356469764
365092764
5307717652
5460392617
5400085540
302176372
5435598149
5491130517
5435604361
484801070
250685606
5479073002
5632227509
811395126
5315786623
5263792696
5280196361
5358862675
5381645362
5204996396
5414230831
5310699973
5133506248
5061371257
5086163474
5102000772
5096715907
5046541488
5230802089
5115842898
5155187227
223879485
5351280089
259994478
5148585274
286641192
163872701
5243937489
5367359405
5616520345
5300182913
5428227633
5442168658
5457900767
5303775930
309576652
5368396515
267937365
5285222625
259439919
5280580898
5582016607
5386604430
5452079817
652647029
5431669955
343193000
594761672
5568915779
326469050
1076702714
275799568
380078731
172864938
190417436
5531873426
5739303146
5531526613
5406210728
354911507
5240033236
5555863532
5301341429
5239273838
5275751658
5265884865
5276366267
5434397483
5123404597
680252457
5285318164
5221799044
5248338413
5261335132
5422207124
5344692034
222618949
449944907
5189972761
5288674613
5256965382
5201413215
309294340
5270307713
5112907807
5157373416
5287208227
5106644591
5253928003
5171372629
5255559197
5271931084
346507524
5263119057
5370958605
5377488433
5382002297
5229081596
363284582
5299040564
5712225563
230673258
5451207225
5300473027
5381772413
5551612805
5492728302
5427883368
5365540453
510010408
5478228527
5195427892
5301517463
270945468
320124239
5389176355
5387320392
5107084138
5116404242
5133469862
5082913276
5256378262
324484658
5286269241
5076266942
5235306472
5362188717
332552827
5202725500
5206545438
5046882608
5218758722
5194132922
5194835778
5218488804
288720048
5037077503
5054053774
5106227403
4927998648
219695260
5296103426
5300831793
5361179454
5379857462
5445465548
5496072068
5056835984
5046165985
4805367665
299949563
349116451
4676823485
268644382
5030141246
5053205848
5044870680
4970514909
5032565731
5235249286
305277219
5076337496
5081266390
318797049
5140683814
5124409790
314612408
382420310
246752156
257152561
5092451549
5106490598
5097208004
5158352616
179156564
5152192700
5192451744
5205247508
329019484
5507166742
312187340
366208733
5101446793
5203206566
369809772
5167769418
5504256644
5360265270
326412243
5397181494
5382327229
5285357023
5248032848
5143405857
5126752807
300866879
5021385076
224666901
329486944
5085551969
5001078255
4948096758
535607726
5259404634
5286052973
5243881644
5257694635
5258796287
314607307
5469817153
262826217
5398062030
240402964
5237040298
5191808110
5348671447
220666290
158342910
5365984806
5167722857
5316037330
5315558981
5425160394
5312420738
5300534071
5323507248
5273872730
4887946412
4814757243
4731649568
4521048889
4484842013
4583086215
4071129893
3358406034
