482346584
44045010
484174702
480715167
34324207
43686380
36991382
485946806
510380644
497091325
523933738
482276708
478710670
490348557
497173505
30100383
38077742
478004870
485614905
601553937
603724385
479817534
477980437
41123089
38979375
482837547
33165251
39227741
484812961
485811233
44604962
476563292
34599254
40904284
485858602
63566906
42222927
480731785
472364586
479060680
36908013
29845565
477548054
516604984
31927927
471161897
43691385
485297603
488926659
484026739
484839796
74115524
35998108
39438575
30462058
29150155
489095443
42938670
497825204
471477777
35451038
495442260
24562775
472532267
480905824
509834611
483611475
492279582
481868103
475477644
483487208
538197955
483073893
47746938
477809968
491237493
476514197
486070973
487198865
473596570
477096788
480059539
477582854
59135315
468401973
40110676
487657966
475233022
497997816
85523144
29975347
474048860
493203501
29139110
481029519
37360257
32042753
483143370
489347400
496244245
480077338
40608178
477704735
67016616
479771705
29039833
479642580
36752293
469158868
470435818
24331634
481755986
38539396
483060006
476890491
484623616
488786361
483740120
31742700
488779824
502011975
479727238
496769401
518879055
473668164
494891046
52432025
72098168
30963362
477149607
468355538
494782383
82616968
489060668
475514453
477072272
33854688
35423344
480300332
479022057
470547519
494645511
33254052
505998748
498455641
486295551
36655172
36288825
484041413
487268585
34561930
481091975
477568076
27502650
487805528
471926135
486251625
479123641
490558526
478231129
473800926
478952719
483046865
478463856
40601653
483460169
476008580
30845930
72240272
64041932
34691210
464147681
501873642
46471739
484448155
474149759
41958246
31063573
479271517
476611389
498492167
512776590
528232937
41358150
485682600
486729120
486212461
494648755
36462846
474218416
481825272
510519192
28487691
32195472
475022583
468185963
49571082
467752306
484015719
28963367
486612354
481750810
487328839
485631957
466091166
483532863
28577334
37763594
482859485
479556236
37011278
28619621
38394738
477556586
476806309
472754907
66020336
468845518
49573476
37498191
37628555
44952562
37296630
484624538
472819410
476925566
474518791
34243669
477256959
479638723
473271876
71313959
30222900
475182053
485674517
477849839
475601699
467809495
482977701
482349138
70873129
35247919
475579851
478135732
471227543
481700077
481087670
528069433
478127452
24149292
29461764
35233916
27674600
484940531
467029181
469490822
493636630
474835476
466689025
28575239
37128974
494460513
27714131
469312733
474937413
468937859
27984540
84087593
479482931
29307830
492417966
498918394
22040051
478701036
30419589
502012316
477896299
488415611
483474840
492506862
29199806
480712551
35407321
492918815
467669637
27248803
479579756
28466185
40896635
83593067
477757127
481821714
46600435
483333399
483626476
27468163
489295872
476024109
470517673
469044450
474234886
477184421
472779374
484187508
37058951
66071982
491467375
481507586
481596521
475479458
37944471
495700544
28768989
472481996
471069944
475584609
507270122
485670829
477002331
470860209
474824327
504424037
471135967
485225514
483564784
474922935
30282493
36517844
473226965
486003781
473450086
480112414
469838109
475588696
472062924
42088177
28766235
485937664
474959795
468353911
479950457
473281501
36682332
474902356
473814329
27469703
470793481
473832101
475612903
470774843
490924354
485339640
490689981
468031732
47917300
468913110
29288285
467563126
645168463
476030941
481120458
47179898
484721922
478015172
28436378
485884421
85545048
472342730
476114845
472834165
468359976
465200119
475894800
477241776
473416796
478635922
492382657
468107197
467216315
477403469
495753680
478404196
475013482
479848841
29473084
487036361
465334620
31105781
488474262
31169780
24258080
478919592
466229475
491579255
476706782
484374965
474349996
483316340
465581194
34787377
494508297
29933002
27003355
484079276
467841748
56763341
83326674
48079151
31575473
497496701
27007113
468304612
23817776
473037692
473550560
34381789
482571904
22030773
22129559
477901165
466928880
557428230
30652860
472782426
475283988
471916025
473675683
492451859
481306544
492627307
471638730
476602118
70507513
475763190
485980614
477555915
470455511
35976248
22619513
484836622
492233623
471644979
485359219
471935797
472083328
34145754
475072485
475359782
473192798
483815676
481469172
468190147
477463868
507537377
477485999
470043240
36453547
470042277
37253970
483165308
492962484
483171793
474634328
474714678
27728795
482161062
472673093
482918659
484061070
47063675
467202530
466655840
473986904
473727923
467946277
481937509
30970944
29913196
474275068
482301105
473721108
464885221
467327667
32926086
481968998
470974520
477789410
481436818
473791135
477416464
32945932
482742398
484187103
533953172
30988957
484743833
482452980
466989668
479487236
