483206179
45434270
489365915
481953518
35508189
44472336
37951111
486808040
512217701
497810853
526377044
484857197
479582657
491038371
498131790
30820064
38777352
479453682
486421059
602205208
604701350
481632908
479012964
42324844
39730790
483490867
33760478
39858265
485518709
486579323
45300507
477192363
35204683
41558716
486575977
64247934
42874685
481373768
472959399
479826977
37500129
31387415
478621682
517291025
32499288
473145009
44266125
486388364
490077769
484630868
485533463
74749171
36574831
40094966
31178604
29749294
489736909
43525181
498448104
472167814
36070473
496017410
25182987
473193114
481601024
510421698
484256252
492812307
482716120
476684028
484532775
539489445
485242747
52536758
480700136
491899654
477855359
486700581
487741750
474163548
477628985
480664213
478126001
59659310
468988334
40713961
488280289
475843193
498486106
86101123
30492811
474525237
493785577
29646569
482620082
37844954
32592608
483648962
490285561
496791148
480756686
41307006
478624706
67861884
480191699
29508079
480783220
37192302
469619769
471243976
24802891
482268685
38984761
483525025
477446659
485098068
489363255
484231484
33478006
489316131
502472653
480284324
497996026
519246250
474655055
495370098
52863951
72539453
31383322
477667234
468811849
495303609
83052777
489496711
476059732
477524733
34395337
35876697
483520562
479521356
471051651
495094792
34403004
506435444
498942198
486714196
37080462
36738143
484562620
487718726
34974819
481427766
478033169
27919963
488291705
472347361
486747434
479571715
491080935
478653577
474312721
479329305
483512748
478904843
42359837
483982416
476479727
31960319
73613517
64452881
35107320
465428216
503056655
46869229
484923603
474530484
42358559
31459666
479674206
478246883
498931285
513302919
528638194
41775991
486065440
487270589
486631711
495089571
36829693
474601938
483238568
510927809
28864196
32572597
475471068
468553798
49942641
468237633
484413941
29382838
487075892
482112863
487787407
486031613
466438075
483934614
28976364
38122595
483298778
479939076
37401743
28956918
38752822
477948134
477223039
473122196
66371482
469244580
50008675
37851355
37993867
45372720
37863271
485141672
473129957
477331135
474865519
34582747
477615732
480113028
473563545
71687274
31378174
475547277
486087241
478180373
476021220
468158455
483380088
482705485
71219097
35592574
475989240
478544824
471543814
482107469
481568497
528537802
478524626
24512816
29798008
36335076
28014026
485381070
467369749
469910002
493979834
475274028
467024415
28952003
37470009
494855065
28056929
469667709
475339995
469274332
28388081
84409693
479932547
29658842
492782344
499342446
22428804
479042580
30760051
502393925
478295271
488758682
483860475
492849256
29537116
481138957
35768446
493284676
468116130
27582877
479972978
28792205
41232494
83923965
478097549
482187017
46941054
483774731
483990505
27831219
489700924
476394036
472482944
469412147
475799855
477523466
473114740
484531819
37412695
66480824
492166205
481839850
481988937
475795027
38277200
496129949
29100308
472838346
471397682
475976960
507599350
486198389
477440577
471231333
475211859
504846488
471512959
485623124
483939797
475307092
30619376
36868568
473593732
486437296
473795933
480524832
470167993
475972784
472405852
42420357
29112291
486330347
475309465
468728379
480293666
473658494
37006552
475251512
474199157
27804642
471171567
474225783
475969829
471160150
491256616
485779484
491053942
468463346
48287245
469283065
29654281
467891832
645549625
476377608
481398119
47506120
485044261
478452449
28764856
486217593
85971423
472676575
476554947
478187765
468764835
465561191
476192851
477586817
473806514
478983308
492820950
468420654
467610140
477730075
496136693
478718739
475389261
480184040
29795108
487481736
466432771
31417495
488833669
31492676
24593702
479316601
466569699
491963286
477030362
484783061
474686684
483715420
465906572
35089644
494888540
30253681
27347403
484396790
468227984
57089780
83651017
48395635
31966170
497901049
27319668
468615440
24126910
473409560
473956127
34717077
482892867
22336961
22472410
478214559
467316250
557802995
30964142
473174417
475648939
472294704
474028650
492829713
481651107
493025707
471963453
476981742
70821474
476135199
486383288
477824224
470895522
36303967
22945348
485157030
492650175
471952098
485728945
472253884
472450433
34459736
475397577
475756497
473533417
484188081
481816174
468552329
477785612
507932690
477838506
470476069
36771955
470313532
37645260
483470994
493333303
483494525
475004509
475044633
28057776
482540424
472950679
483307207
484382858
47386892
467612004
467000280
474359823
474129783
468305921
482254895
31283189
30219961
478515915
482670158
474043652
465258638
467621850
33313396
482350802
471345806
478174612
481756195
475097969
477723156
33277406
483129300
484533249
534504172
31332461
485080793
482791011
467359650
479999428
