99992165
289105367
371766778
426125009
3152014296
3908401923
4218449795
4198135128
4346446091
4284267210
4141982368
4504443540
362621590
464941154
4324192479
5126109478
2992839232
5712160746
380743231
459325022
4337515456
4207100529
4293570199
4411869589
4319499269
526221913
418680903
284009612
460166135
246936004
518952341
6451636786
4610714515
1512834936
4514958558
338281491
4464189031
4316138454
4648372884
358375657
434500623
4758547083
4530009574
5501390629
658948668
942972506
1150657053
328858946
443302782
4817839262
5021052731
4599785799
443127338
4953107666
389611044
4603396666
4748974508
4660794205
465144929
4768480243
4321035455
4426102668
4341887162
4203364439
4142430240
4249458773
4333437588
518592387
6975748646
7133111281
4297333535
4408528087
4813956570
4344012930
4254583008
4627172880
416254147
6867694466
2296552224
4389775840
4310886808
4543240947
4622934138
4604763106
955038608
972070217
4810218900
361781497
280449442
4780270465
556900555
4531208901
4662737663
4638380761
255543830
5033697966
4431122628
4642792628
844784253
347730228
4843900184
477600949
4568214347
360568619
6557454744
6760527122
2163569872
4814832808
4795333488
4427487193
4476480704
4458274702
385942322
4597539146
4381381198
4470640125
4628227383
4878834426
4407177748
505692812
4370136851
349245804
4371719851
4831150278
1144882764
789532482
6319704396
4473853134
4838295596
497334214
545347827
5302471959
4690883155
4613615345
4591220074
684067368
5163211231
6099092399
4428515216
366257897
579667053
4363675319
4544862337
375728000
5254074279
4538504697
242667378
4728119552
4855383069
5401120089
4852468171
4390144602
4430955236
4733428484
4324883935
4573852556
5132861331
782906870
4293943305
4991340620
799855057
5337310589
4314127642
421437719
4668512652
656959813
680678187
5275086322
372644458
645434665
4492593195
382884506
5215207356
4398850801
4542819758
4529342720
4248040495
1914250276
4756388938
4302148825
4231034793
390463140
5074990296
4429614701
5801988793
1493400584
4433335658
1648711705
4401394214
4763583478
300378966
4478412139
4659158612
357658250
4747411273
4644278057
4190772367
4428004399
4335859940
4648078218
329546622
4335290447
569061329
4573041299
276981945
4730259288
345332996
383472998
5322226358
1150679693
5999377303
4559423530
344650831
4599600393
644988295
429671095
334570555
499892897
4610442999
4704278187
4690953129
4640337558
1090281171
5573709927
625520793
799184838
4494308474
4308597304
4390937359
4378819484
4319868069
4307411661
4425058707
678633665
882864403
4351735247
5262866785
4341053810
4261708180
4382469475
4991076940
4971252819
291536971
461366002
654172527
5277069507
400669032
4491683892
5334160212
5318349701
4394381941
4333280262
583874056
5595901418
932068402
755752421
5312258139
5661334137
5281832478
1101504703
1684245123
6071864341
6079134576
5178398371
331343397
218530040
363821504
5703198707
4815870734
5131172181
4287054032
4387301132
4228735508
4416111943
2280449576
4641545473
304678179
4460541021
4665989600
335669739
453917624
5037205999
400583028
4546507099
789151868
379884039
6434749101
4503565135
4444180866
731640938
4743523199
4428458011
4564605962
4832747733
4642449187
5431714988
4387118435
4328860110
4288773897
2101403402
4233552560
650854561
5144087368
5381970094
930111261
360325828
4340027791
5546919148
4403183206
4461735487
4511013178
4213730032
4531159664
4346414323
4564457639
4203800951
4848828379
4929075614
4220205089
4208151115
324443055
403154060
5260603739
4252661184
4490725625
5928136123
4277630136
4423635063
4383089360
4437787012
400576268
573102382
4399780155
4617456241
4308263894
397058076
5882415735
5048659733
4092580939
4208906646
4440522978
698826701
5192584090
4390277214
5058390903
6567002506
5214505817
2431126294
5059515584
239350976
5465860052
5270051603
5965168309
6065904945
1046165641
4788617465
5394518131
4344915211
4193392517
4244834854
2672800259
4363805197
836140855
5016388189
4272602324
4461108216
5266326458
4287809347
4215140554
4406699771
4710525525
4311864818
4640274706
4443517223
5075703110
5751306768
4153290555
4478563065
261587920
4640544815
4445871665
357040966
450575459
4529375548
297025532
4653180875
5439204686
4337733781
4456398993
4631735994
4586900967
4260342400
4348244057
4503134872
315325942
330063126
550814675
5149317582
748997611
1081834177
863708812
6917574159
4428319358
297980435
4655140508
230290986
367291300
5131037860
246744277
4626734107
276987721
4402478853
4563927130
392658215
216134906
4715613250
4377179800
4292615929
4521905347
4520399162
4332906787
4422992012
4294013833
6241884261
4320590347
4293223012
4296605794
4443782124
2570721372
4285743515
4441411739
1568189166
4255509970
265856546
6012437859
4316194666
4114636603
4323899724
4303310043
363254796
4170369249
4319066726
4249565580
5836832650
6312949375
4200067409
4347331223
4438292207
5301387713
1196258310
4309620316
4284071584
352792745
5811107488
4729990247
4666797393
4340098623
4301135690
412731967
4218334525
4200083451
4474798250
459201912
5708532294
4333406911
4616125268
4310697984
4410684801
5462240332
4404634939
344085390
466518996
4689005045
4179272155
4768450632
4358614760
4422473398
4514520151
785820994
4534655300
4227373942
4501694922
5209526522
1068761588
4709507110
4420560532
4317488999
4404727848
354618733
5767414266
4539414567
4437502001
4482920925
4233832144
4841725291
4276831976
4392921139
246133776
4127081596
4100455993
1285651515
4444832085
4175919649
4257141365
1567029173
4286425342
4263882710
4360078814
414893123
4382076020
4370130159
4340033582
5578208901
4218523657
1413490019
5024993224
4301613779
4514010230
1094788242
5437754413
4164640197
1236602829
4512471598
225823178
341460697
509611800
5609201873
4506543214
5040397025
4305290338
4383916319
544915192
312144083
5559616808
896068851
4479534686
464017774
4818318539
4465117748
4752804420
400146264
4989713830
4560787690
4665417461
1202095155
4443201702
4623972688
4949538659
201706888
4282488997
4662218814
4339003169
5013764681
373690224
4503991306
952136620
5188107693
5405867111
647964761
4360285373
4776553087
4860064336
4617311216
745342466
4651971605
4411704203
4705842285
4378800556
359043099
430092080
4948862299
4428618714
432694090
4549398678
4343430188
465566485
5383988836
5219685006
4378725144
4332796315
4426478920
4353011430
4474225617
4242036337
5105586037
5969236627
3913405455
4165187637
4187625910
3217089195
3208417816
3154525438
