99642322
288781115
371449028
425860341
3151611076
3908077681
4218101932
4197799361
4346106959
4283973781
4141696409
4504155824
362304711
460599923
4323812029
5125763899
2992447262
5711836454
380391810
459006853
4337175397
4206865209
4293257536
4411577044
4317926639
525952855
418421265
283708175
459891987
246566782
518633567
6451276222
4610291251
1512512580
4514638306
337978617
4463857284
4315843922
4648049886
358044067
434228010
4758218913
4529700929
5500965202
658555461
942468665
1150314842
328514799
442984090
4817459044
5020745833
4599555865
442780751
4952827598
389236228
4603103435
4748651542
4660448880
464873033
4768124622
4320723054
4425767492
4341557107
4202954516
4142082047
4249165825
4333181175
518235956
6975369876
7132808071
4296994986
4408277936
4813586626
4339598434
4254316717
4626789242
415942493
6867325343
2296252297
4389458885
4310585797
4542971916
4622495920
4604460961
954745437
971786188
4809915909
361466130
280165746
4779904357
556658715
4530874014
4662376412
4638077240
255244463
5033418480
4430757267
4642431623
844519945
347436868
4843574834
477307460
4567859095
360285585
6557111268
6760253062
2163257149
4814537025
4794487325
4427233445
4476191010
4457973869
385569848
4597248164
4381059558
4470362840
4627937865
4878495919
4406886813
505403421
4369816967
348925353
4371424492
4830879189
1144582156
789138820
6319377323
4473640774
4837996540
497048500
544964854
5302164183
4690545992
4613406913
4590939688
683773313
5162863267
6098748128
4428211423
365948633
579316981
4363351418
4544557558
375484235
5253740222
4538219520
242361441
4727760313
4855089383
5400793284
4852170190
4389783942
4430721588
4733116829
4324533505
4573502302
5132554307
782546767
4293619384
4990999724
799611703
5337005921
4313780880
421137080
4668251818
656677723
680439809
5274744057
372329838
645083004
4492276427
382587378
5214852418
4398560566
4542443128
4529033057
4247737717
1913988343
4756150624
4301855822
4230749123
390227752
5074705453
4429335335
5801635372
1493117068
4433028764
1648462816
4401126581
4763271164
300113451
4478097954
4658848448
357406281
4747076943
4643946140
4190428167
4427715548
4335522174
4647784879
329315234
4334953753
568820151
4572740851
276704457
4729930461
345037139
383150910
5321940191
1150347359
5999130475
4559135842
344371429
4599315677
644745270
429379034
334253889
499591499
4610216307
4703952565
4690679024
4640073222
1089976087
5573403484
625224766
798840818
4493998371
4308320478
4390658078
4378525418
4319515685
4307172131
4424770354
678268577
882584614
4351370258
5262505414
4340736416
4261401190
4382199078
4990728668
4970984796
291256267
461066798
653902691
5276773545
400445849
4491327722
5333884107
5317993075
4394050131
4333022573
583581724
5595624887
931763601
755450036
5311885886
5660979673
5281466709
1101158530
1683958465
6071628033
6078837370
5178127941
331074784
218312535
362770480
5702967142
4815535577
5130877504
4282462879
4386979183
4228447081
4415868018
2280154740
4641257675
304394083
4460216996
4665709189
335436960
453642875
5036942405
400309646
4546197300
788876010
379560825
6434429836
4503283750
4443903978
731347911
4743236776
4428151268
4564288822
4832506774
4642148362
5431392107
4386810467
4328577269
4288500548
2101132885
4233224863
650538740
5143788961
5381689325
929840376
360042402
4339174530
5546595722
4399184347
4461454937
4510715044
4213469658
4530851283
4346128727
4564161349
4203440868
4848502115
4928865553
4219916054
4207825114
324209236
402909612
5260302611
4252375697
4490449241
5927838909
4277356349
4423322432
4382838950
4437457972
400290376
572845838
4399481505
4617200353
4307982676
396755168
5882127427
5048379577
4092255184
4208661529
4423669761
698619757
5192221461
4389993621
5058035535
6566694564
5214185878
2430896487
5059298408
239115395
5465597409
5269815667
5964887361
6065678848
1045869920
4788363068
5394205933
4344665784
4193150934
4244569718
2672545243
4363469510
835808781
5016146652
4272332572
4460890181
5266070705
4287506501
4214886706
4406436089
4710243219
4311590919
4640041004
4443264193
5075407909
5751004630
4153067511
4478317843
261331020
4640274171
4445575882
356762684
450315668
4529125467
296778240
4652941808
5438950375
4337428072
4456189111
4631456102
4586626403
4260056268
4347956368
4502837312
315074610
329834453
550617393
5149010937
748753074
1081540440
863453736
6917311488
4428052538
297741717
4654851454
230073677
367044538
5130766208
246517217
4626484165
276755628
4402254600
4563676937
392417361
215859935
4715337582
4376952423
4292365116
4521662677
4520206698
4332628349
4422723520
4293807327
6241572799
4320367510
4292919597
4296331897
4443477356
2570494386
4285425085
4441191759
1567987889
4255339856
265621139
6012165202
4315933292
4114416113
4323719879
4303144866
363005494
4170081333
4318844544
4249340122
5836556142
6312697025
4199827857
4347030600
4438015051
5301120341
1196005246
4309388725
4283826730
352550816
5810823472
4729734128
4666518720
4339809440
4300865677
412480414
4218135294
4199826280
4474593781
458955114
5708253172
4333155468
4615867962
4310476924
4410428878
5461966819
4404367023
343853914
466245798
4688658365
4178952447
4768248032
4358288610
4422232582
4514276710
785565389
4534370640
4227112193
4499848780
5209177414
1068452878
4709275826
4420260550
4317282271
4404435036
354369426
5767123889
4539176167
4437267387
4482636104
4233576193
4841477327
4276596918
4392688613
245903003
4126782739
4100212324
1285424699
4444589480
4175629849
4256981540
1566758882
4286162658
4263636187
4359834395
414628619
4381731401
4369880844
4339814725
5577905111
4218259966
1413281452
5024706780
4301350531
4513772366
1094608063
5437458108
4164375619
1236355875
4512204077
225569092
341171657
509370726
5608991537
4506290680
5040116182
4305031145
4383697436
544667035
311863164
5559427731
895786778
4479333200
463774214
4817989041
4464794015
4752569886
399942294
4989472673
4560510486
4665113305
1201843857
4442930321
4623739116
4949304764
201450222
4282216553
4661967660
4338731526
5013481359
373421088
4503728039
951859536
5187857702
5405620722
647702965
4360044121
4776391602
4859718313
4617097141
745127212
4651668736
4411453631
4705546515
4378549165
358781310
429811647
4948580339
4428355019
432444062
4549147552
4343175277
465262149
5383723192
5219410111
4378442196
4332540848
4426272362
4352703533
4473939340
4241724789
5105113314
5968827736
3912998362
4164882308
4187300233
3216756889
3208096121
3154204819
