2163868003
2647281253
3022406292
2973038729
3036984797
3045874346
3049077615
3073899356
3022395457
3015277019
3036329159
3041498449
3046251221
3042198566
3046736458
3013776965
3083191264
3065016387
3175763832
3142575600
3044797803
3082803367
3128399385
3114260055
3081098813
3101590289
3036221407
3023385158
2953360847
2958624185
2872497629
2939156737
3060457596
3076014066
3075201682
3073563202
2955191618
2940020008
3016155021
3030163497
2972185664
3008110674
2929342296
2944461891
2997976389
3009178746
3028887157
3005933200
2908419342
2907539242
2997594381
3000037351
2914341986
2924669022
2617403063
2567052944
2982167855
2986617452
2988216668
3013326724
2861076194
2507765700
2918315554
2951857546
2907883316
2969065980
2979755911
2889951528
2928922414
2925829374
2957945082
2942090492
2957394815
2960519909
2930422923
2927615591
2949413790
2961461911
2964591048
2976121154
2911890678
2932619018
2921374102
2922039618
2922730810
2930001999
2874043758
2934955464
2954684094
2961231256
2962979978
2955678704
2119730332
2906258864
2880797738
2889462001
2914264032
2902283776
1718323313
2590829929
2960506019
2973657253
2975371077
3000832833
2771503342
1519361999
2941005760
2946651867
2949038494
2962163003
2964492307
2412778352
2935265395
2929202408
2939111549
2940333719
2943367647
2954344060
2933307993
2937340574
2940925161
2953569036
2927998066
2934476481
2855380767
3033812919
3037787612
3048116535
3047227713
3058834055
1690717559
2935765071
2962610878
2948148091
2970184840
2988680874
1993549971
2914158720
2940201238
2977202288
2981128901
2983902598
2814316868
1866294492
2921657618
2937194636
2930059847
2940588671
2955822531
1671272246
2970983751
2972754896
2987558058
2983520723
2988544742
2827450251
2949999046
2938701097
2926990009
2940877548
2964427681
2962316802
2992049089
3027512323
3006317279
3040921294
3027245630
3033383417
2918874655
2923054652
2924014243
2920932014
2946665898
2938845019
2875290657
2904477853
2903408871
2917429073
2908742263
2909083636
2897254482
2914626259
2906909439
2911782362
2911525089
2918423647
2961954379
2962732001
2972976827
2965599295
2967379447
2979426889
2960322077
2972466364
2961366790
2969812463
2976723690
2977008522
2927537611
2934453643
2938900442
2954790293
2941074682
2939293105
2949331748
2937058505
2940714147
2939503045
2967799149
2948969848
2925314127
2933092490
2957470551
2943003128
2945261232
2958822140
2928521131
2942662347
2934121412
2937083364
2938400854
2950697436
2918281028
2923828607
2939950212
2930648326
2926413658
2933595916
2901230394
2929757851
2912345199
2936290646
2941778839
2963853987
2931352949
2944217955
2945420397
2957966916
2945408212
2955346247
2783840898
2959455154
2957510280
2963254629
2969057222
2975779784
1867079285
2943019027
2967790871
2991495752
2973572983
2982798918
1861552544
2928441612
2942807433
2951387948
2944874552
2978817960
2818472245
3120147624
3102045624
3091811816
3109535910
3118915551
3100443856
2930618673
2946717044
2933300038
2941787530
2940201828
2948513395
2921113374
2920118041
2921562738
2930951104
2929648528
2931037503
2895509290
2929309597
2927704642
2939021732
2951002043
2939065299
2918519583
2976909971
2979883316
2988156761
2993154045
3000350898
1683289444
2934160764
2935665319
2941219671
2944494835
2942526361
1836860982
2918622155
2922148872
2932954248
2897884879
2927572005
2937949702
2906782542
2907469425
2915449357
2929816427
2921533995
2927962611
2917078533
2931938781
2921889063
2921667085
2931806324
2939125453
2915236667
2909224449
2915835497
2930614059
2918575695
2921680789
3050852540
3043797160
3044889163
3036800941
3044534043
3033840509
2899028042
2916031053
2921123626
2935062908
2928715837
2930660245
2946896935
2950810531
2948466494
2956965038
2954992486
2959111996
