3420739878
3976970408
4127836308
4171751957
4210712806
4206647444
4234776645
4129546693
4158825187
4115394741
4067206615
4061215844
4126667614
4057438801
4125945348
4076907947
4141268108
4127675295
4131235040
4039495054
4087220412
4089036615
4086822101
4066259785
4110304954
4095040318
4117724080
4045788683
4000648916
4166183830
4139032891
4112506354
4092930487
4094862253
4065747506
4087525181
3970665106
4045255281
3992026977
4016732993
4091443601
4074451540
3952085732
4113770436
4102763134
4026076274
4042434118
4040603941
4128072011
4150870192
3996070169
4143046178
4189187716
4009924392
4079078869
4166197395
4137400415
4145211569
4092049334
4099013033
4149924560
4125823676
4058523099
4137736319
4229939725
4103469682
4057186784
4081761673
4055412942
4092048036
4100315515
4057746173
4152310748
4105546589
4054039561
4067544886
4046477495
4208054033
4061458842
4129692244
4201212714
4069313354
4047429852
4092110739
3990395639
4116138604
4160265675
4043830172
4103819542
4150828620
4055776679
4094865842
3980196878
4034875122
3926973384
3998011284
3947347162
3946220667
4026908361
3997031462
3996580350
3975445535
4024991748
4028689187
4089225838
3956404655
4039369686
4153724899
4071360064
4088406853
4043962700
4229250330
4265029113
4316684296
4043842619
4108665489
4171227127
4013514500
3958902085
4007945032
4216304801
4215979425
4093865971
4185529155
4229519775
4118915233
4134852342
4051009895
4228860469
4205204786
4075254348
4188075177
4166432027
4068333481
4115848998
3965133038
4134183341
4148952491
4067696753
4094631758
4209123602
4124595281
3975244192
4042815312
4173183693
4177862093
4018488575
4044585211
4113417108
4106634406
3991008055
4002696310
4191343586
4181681651
4059562601
4174135008
4171642596
4149852981
4118497790
4058349001
4071456451
4136242007
4138368677
4001077821
4050307706
4183589353
4084234112
4072809123
4274025270
4151787955
4114169222
4168123135
4153201496
4187220060
4168813045
4052243096
4162458287
4197396469
4059845168
3995125802
4117394514
4125937861
4031879376
3973169639
4130886320
4143202494
3947403670
4074811229
4117641195
4117225932
4109449315
4056905483
4090124853
4171411027
4051848953
4003985699
4040172536
4126865055
4084227804
4033174895
4183650953
4125425430
4104587777
4031744488
4126042156
4191910521
4207111908
4019029669
4222854602
4198176064
4110165665
4140966596
4039022164
4008673628
4205764827
4086911514
4107587674
4231865157
4107553461
4082786696
4022693765
4038406348
4080876106
4122338040
4058425650
4101094609
4204041472
4108170408
4112336970
4108874344
4111208283
4136898827
4130565086
4123072938
4120974462
4152559811
4070899090
4068861722
4115778072
4232951940
4120009662
4179801487
4137524327
4130121050
4144128782
4103178912
4148124489
4092855977
4093655655
4146003406
4068612637
4108260213
4121782460
4057602965
4100540945
4099748988
4137454092
4104416402
4065087902
4219270578
4055850364
4056734878
4183627958
4043120889
4057556055
4202450589
4091887908
4088745712
4123453503
4116933721
4129245687
4116685073
4134505856
4129142608
4138258560
4130829203
4081072067
4128163695
4217736076
4079233810
4070635521
4202627190
4096378242
4054399722
4188158658
4022651971
4194094452
4189378949
4031307877
4111321644
4137072006
4069057641
4052289738
4091127888
4149573046
4153655870
4167943675
4118721939
4115474432
4101270511
4046846386
4189256396
4078144221
4070030946
4138684488
4132277911
4133894342
4176559938
4149552337
4165476586
4168769771
4105547205
4086943271
4107502655
4153073246
4131544072
4125929575
4154528859
4121507561
4135100715
4145770361
4105191657
4124240378
4049330486
4090921915
4081066388
4093117707
4107369593
4109144514
4127806527
4097959682
4013850045
4126202837
4177957791
4115361761
4070271333
4114355986
4137112062
4009717576
4127032691
4002931194
4177830400
4175561920
4025425955
4156839565
4193838639
4117814559
4092052199
4082614496
4098439000
4079243253
3884453258
3107036106
2487447882
1105017459
