1889240764
2037088655
2435174202
2477553616
2469887780
2383580360
2315815736
2393054450
2398705906
2386171810
2330977299
2328278318
2293068173
2370346887
2297698065
2345316700
2350408915
2268794377
2248514275
2223654480
2358525175
2366149951
2276441290
2199199760
2165437831
642701267
1665284130
2403992673
2394201786
2382814650
2406643614
1343002806
2395714902
2410206634
2401313867
2410779398
2262907006
2372253527
2379298349
2382445381
2385530724
2397409956
2387658342
2392355869
2418028385
2421422057
2422225353
2373305830
2385583069
2378219498
2384522937
2394659412
2450293321
2454095460
2438733112
2466156765
2445369879
2328767247
2325953017
2359814387
2260579703
2185396862
2343355476
2362934683
2360583435
2330906858
2300145817
2372025451
2383495908
2377508508
2382153616
2380968095
2345230155
2367738247
2370860065
2382745505
2373949247
2176477290
2355214953
2358847800
2359613245
2385629734
1030714300
2357915203
2363303862
2361415067
2381802642
1755675165
2390360685
2390463022
2405016009
2393759068
2402403692
2363594881
2374112411
2373370308
2384633222
2374002260
2355442126
2352978933
2355919859
2362452060
2361579728
2376117751
2383514553
2384906618
2387475005
2398807160
2372959175
2382611622
2381678697
2385998680
2390081379
2383342810
2387451906
2395094791
2387378863
2393332855
2207404876
2219831746
2372160234
2376442037
2378545422
2147955858
2174977824
2358635409
2376907336
2390720343
2012178652
2009530843
2332641295
2337431568
2343151078
2069091577
2104891566
2297444150
2307149587
2320082962
1931492966
1948614409
2393042916
2399182391
2402664991
2152029142
2191210961
2324335172
2311710831
2324433811
2193040110
2177455850
2307110962
2373923993
2375666933
2243933682
2239970403
2328313518
2351494982
2353116788
2333495864
2339857722
2274887979
2322913564
2349548473
2306457599
2312415316
2244743790
2435455393
2491431149
2439332390
2453104475
2094305247
2239861905
2396396848
2374227716
2382048429
1918265959
1900090416
2381156017
2388113182
2397674674
1911926253
1712736117
2389166452
2392311545
2399671717
2299768258
2135020063
2361509095
2375390872
2363697933
2379844555
2365005534
2397368875
2390974436
2391902921
2397518840
2394209636
2366355337
2382995088
2373502807
2375142917
2376880973
2351648168
2370702622
2364755481
2366922747
2369048343
2367923436
2375526074
2390613493
2403350564
2412472257
2370476795
2390033088
2380944209
2384300112
2381161253
2365598953
2364132194
2367261159
2374722207
2373328312
2361692952
2365026553
2374573927
2369956634
2388466980
2355275126
2343367955
2339929942
2344611675
2331474721
2375179780
2373914569
2381022857
2394351223
2406392650
2377671758
2376027616
2378663406
2382430450
2381061518
2358545376
2367645221
2362317140
2366160038
2369047075
2341780705
2366956633
2352416638
2346670494
2352856355
2369838264
2371635210
2384509270
2376291168
2376631427
2354019482
2376115758
2379143146
2393575785
2386994849
2372160641
2365062237
2380317470
2384142109
2383002344
2379674079
2371001008
2374674064
2385532731
2377759212
2346919074
2357208527
2355139126
2357958676
2359569673
2358453019
2369816414
2376782298
2378551600
2381279150
2372021828
2378512352
2380761960
2381696302
2385703674
2258571167
2336561307
2344077275
2350238653
2357190510
2120429301
2362005929
2366187917
2372055804
2381363746
1292588063
2381438063
2377536069
2397694539
2406337945
1721778492
2361424056
2361605623
2378005505
2370093448
2260255630
2344487707
2356237766
2346008042
2358030584
2357191523
2353267701
2359650012
2377582576
2370631864
2373995018
2361362663
2366562621
2376291216
2373300911
2373053828
2359087788
2368094409
2371303227
2378382533
2381463022
2370493722
2370343056
2379043271
2387679394
2380316139
2354347209
2359668658
2361806052
2366925091
2378116117
2363993528
2357162153
2366725246
2372307176
2371210581
