3424817343
3985739769
4138336887
4179356001
4215945437
4215399523
4245289543
4146241427
6821889378
4742805524
4235016740
4145507817
4175793085
4103026142
4159242108
4165697172
6684418005
7256525797
4140094656
4045832732
4235524320
4168776350
4172403156
4131720726
6635352784
4682315690
4392402273
4094825859
4016760586
4212136284
4251089920
4160037714
6673202248
4649829632
4366139181
4100437736
3975432462
4149597252
4042021666
4105521532
6653690674
4671335759
4202134551
4212396524
4120497441
4037151949
4053814004
4051659658
6467449684
7108032866
4087427422
4246503879
4293827386
4054981455
4088082915
4270781972
6526506000
7108288106
4182572249
4122733093
4210357535
4178731646
4103236036
4212075860
6554471758
4195089745
4270774971
4359489986
4147548864
4183715301
4158521879
4146213239
6348294876
6989663876
4148407947
4161558478
4048961749
4319967185
4145749890
4231742310
6495693686
4159993487
4276066503
4376992692
4071347254
4143884828
4250524789
4131813423
6237464899
7048143524
4064853411
4183808907
3994866499
4094005445
4096621012
4200679425
6062752537
4763875012
4340894190
4246005803
4003073347
4014201433
4029275725
4034859305
6163819426
4049706852
4284075947
4709600364
4354961442
4259026537
4046712845
4230561979
5998473670
7025422775
4138411279
4388413748
4824941520
4035190725
4052008858
4099834240
5725697172
6737935136
4106641279
4362207930
4616940796
4129401546
4216264322
4087695267
5677508619
6617646530
4163528294
4284033048
4680173100
4077032740
4205453439
4056100778
5565999099
6512137477
4104793360
4106606387
4650814519
4394795552
4003487421
4170417811
5469310819
6455599156
4020326437
4197573996
4460216380
4633259969
4080225832
4093783001
5299896908
6318713647
4084484313
4263423592
4564386797
4326645622
4316268615
4227179438
5148778580
6149194556
4140106699
4096094390
4303715385
4626136545
4174526187
4112896038
5320662231
4240577048
4754171702
4762474232
4242196864
4366552974
4623081414
4176743340
5201271565
6313868250
4073346740
4077775704
4396535767
4519654302
4041660003
4082778604
5084201521
6198789452
3999428928
4207349137
4245632362
4415221147
4129084145
4148742436
5009952386
6218597064
4164526284
4005195982
4081874166
4347515263
4588583644
4102319127
5017050941
5336475246
4887193114
4052512547
4236183123
4273114597
4766220761
4106150842
5038723469
6171328271
4118758304
4203490455
4127930548
4062999107
4725748718
4159026047
4909768970
6137379254
4109145553
4089269193
4203671805
4183515705
4410621381
4667243432
4151168951
5198142161
6171904943
4192090938
4159965243
4110128960
4204175357
4187621878
5084394068
4135626490
4875000211
4202351386
4095799834
4070160088
4449859602
4615833689
4141669609
5323705243
4940256675
4229705327
4153094761
4104551663
4157691223
4094336608
4105081079
5184736839
4157593243
4202842949
4277610412
4135699266
4403146627
4358503491
4139518625
5112645885
4990369623
4281942282
4143131656
4098208362
4474118106
4128116941
5173291021
6262072295
4185690829
4127233147
4173446325
4201924187
4365528079
4396981194
4235804830
5019740068
6061517587
4174679918
4145435074
4191919849
4450209278
4171949363
5243615809
6202076862
4165555725
4055872928
4247039691
4112795291
4373818753
4491296339
4127264375
4893533305
6035207443
4132423695
4063757505
4215599675
4277531364
4406803159
4169936791
4854619115
5216411884
4175664530
4066700278
4264222584
4269079800
4202627797
5526494929
4796955724
5278529230
4238382474
4216087506
4265850734
4233946437
4238492321
5535309188
4779198006
5240976666
4244114361
4167131556
4267995384
4191579417
4197160588
5571123052
4809231051
5311777227
4116924254
4157398761
4211127928
4133792295
4159633791
5556102674
4796986328
5336188760
4022681827
4224381327
4381305588
4140435517
4138181438
5554338046
4824140739
4023011827
5328489433
4097856445
4326405101
4290585962
4112589094
5496810889
6233228444
4126773741
4170004550
4087913810
4146585195
4117174993
3973337459
4353648390
4459494799
1113919968
