2167618422
2647825052
3025763232
2973599158
3043195553
3046621840
3049649780
3075410106
3022986559
3015825276
3040858866
3042009109
3047901446
3042741664
3047344690
3014280589
3092147857
3065595690
3176351642
3144269107
3045373308
3084452462
3129072403
3114764045
3081676795
3102072145
3036820270
3023893638
2955154100
2959143075
2873046346
2939650099
3060954997
3078130139
3075736300
3077306918
2955787935
2940529024
3016704780
3031449676
2972703021
3008414173
2929856593
2944955645
3001894233
3012877603
3029356687
3006337275
2908950783
2908005821
3002544448
3003652117
2914811355
2925035598
2617880707
2567621371
2982574111
2986955214
2988507549
3013806018
2861541145
2508217242
2919826873
2955406801
2910924058
2969447670
2983391274
2890838352
2932981351
2926153232
2960976439
2942422840
2967738981
2960853704
2944133341
2932138903
2949728287
2962524395
2968745573
2979593114
2912368299
2940790172
2921691940
2922374560
2923036577
2933620114
2880488442
2935294636
2955003552
2961606877
2963265837
2955969517
2122896118
2907675687
2881117568
2889765597
2914644950
2902692002
1718762819
2597302896
2960983444
2973970710
2975664600
3001172821
2771952158
1519832313
2941361217
2946929809
2949307651
2962449558
2964983263
2413184619
2939601005
2929476796
2939396791
2940609194
2943665297
2958138519
2933710177
2941095026
2941201648
2958962991
2940745949
2935148991
2862141911
3034091811
3038057227
3051851734
3047493234
3059150560
1691784691
2936321652
2962904204
2948496276
2970492441
2989062977
1993897085
2917455984
2951374968
2977538542
2981386828
2984205520
2814873289
1869501964
2922003775
2937483266
2930560793
2940828786
2956221224
1671684178
2974664355
2973029343
2992069032
2983798334
2995391645
2827908311
2954624922
2939454850
2931416837
2941161206
2968010309
2965953640
3002292177
3030493895
3020698012
3044997907
3028300690
3033801073
2919203100
2926682928
2924279894
2921173223
2949947574
2943205442
2880877267
2904784350
2903647375
2920759268
2912480679
2909309919
2897586053
2917730492
2907176259
2912070165
2911755386
2918662270
2962294754
2962963531
2976543613
2979957364
2967603175
2979689774
2960655248
2975706150
2961610256
2970054494
2980952739
2977266096
2927875659
2934717713
2942732498
2957737961
2941311262
2943882815
2949679999
2937317630
2940944023
2939732436
2970847667
2952657224
2925640826
2934564383
2960709568
2943259416
2945491614
2960788098
2928872003
2946257855
2938239520
2937330916
2938640858
2950943851
2918624471
2924068916
2943215602
2930886581
2929927544
2937193158
2901558184
2930004262
2916005197
2940325348
2942047519
2966880577
2933406007
2945126298
2945661850
2961256809
2948394160
2955599548
2787099725
2959806552
2957750279
2963531346
2969318267
2976109530
1867484624
2943375330
2971227292
2991841441
2973852695
2986760880
1861918278
2928782091
2943061574
2951619297
2945120140
2979650794
2818852664
3123528917
3102277885
3094139932
3109764874
3119322203
3103914182
2930941213
2950174163
2933516195
2945518922
2940455952
2948784723
2921739761
2920342682
2921781266
2934479104
2929878747
2943659092
2899247328
2929581313
2927931167
2945667848
2954108434
2940725472
2921545687
2980263251
2980136632
2988419314
2993417147
3004435247
1686401438
2934601363
2935921106
2941466021
2948178096
2942751717
1837265032
2918937532
2928817990
2936429027
2898178929
2927785223
2938192438
2907107032
2907678833
2919842704
2933088307
2921738763
2928191014
2917397835
2935099505
2922105926
2921903800
2932345723
2940843841
2916774321
2909431823
2916051179
2933675298
2918787264
2921890819
3054107740
3047765734
3045161396
3037014624
3044753221
3036784087
2899377105
2916249213
2921377984
2942234965
2932378371
2930899929
2950371523
2954489955
2948669999
2957177482
2955206458
2959329468
