1893554537
2038360092
2439111041
2477955059
2470223519
2384041019
2318046884
2396267053
2399158562
2386519976
2331357060
2328620066
2296320517
2370692613
2298009846
2345726539
2350743307
2269144988
2252441350
2224022804
2358937700
2366363525
2276748713
2199523385
2165764962
643057970
1666591159
2404372427
2394430995
2386631610
2406896627
1343309843
2396026833
2410518791
2401538278
2411014234
2263275206
2372567733
2379521121
2383193393
2385757592
2401266315
2387993153
2392604531
2422388840
2421708985
2422531531
2373643010
2389956661
2378441918
2384801993
2394896761
2450622754
2455481137
2438998041
2469565956
2458361715
2332386515
2327001631
2360066762
2263860046
2185726370
2344339292
2366487382
2360837103
2331207126
2300473704
2372366375
2386680849
2377745918
2383462862
2381211359
2345553446
2371933011
2371098059
2386337218
2374162049
2180590397
2355488697
2359138650
2359829341
2385981337
1034392839
2358229043
2363595331
2361623304
2382062687
1756023623
2390686816
2390694901
2409533575
2393991469
2402640097
2363943728
2375816200
2373605513
2388820598
2374230145
2360323458
2353242453
2356182284
2362694349
2361817863
2376448138
2383772425
2385138443
2387710801
2402899913
2373281280
2386658210
2381942141
2386227324
2390301303
2383653399
2388940998
2400301442
2387621350
2393562420
2208195655
2223375176
2372411121
2376802189
2378760813
2148272177
2176315101
2358935104
2377165629
2391008893
2016249179
2013497326
2332899614
2337737816
2343375905
2069487946
2105211236
2297833284
2307402715
2320368693
1931823852
1948928851
2393437961
2399432290
2402893337
2152399154
2191540802
2324713266
2311951157
2324768718
2193369070
2177770539
2307478974
2374220465
2376701557
2244251437
2241532890
2332598149
2351821364
2353378784
2333798917
2340151256
2279218588
2326555183
2350394794
2306749889
2312713196
2249268474
2439490088
2491753214
2443148552
2453418247
2094768065
2240216526
2396705555
2374489604
2382336020
1919582393
1900421196
2381539058
2388342192
2397912064
1912243531
1713041927
2389472481
2392592030
2399905473
2300095118
2135334395
2361836259
2379286182
2363926082
2380929047
2365220212
2401681878
2391197961
2392136444
2397768709
2394433427
2368039136
2387035582
2373706981
2375364443
2377096587
2351988068
2374403179
2365815425
2367148328
2369274975
2368255317
2375772246
2390872692
2403601707
2416412906
2370814175
2394158369
2381164095
2385372269
2382460792
2370206180
2364367984
2367461327
2374965832
2373550326
2362014538
2365286845
2374790154
2370159585
2392451673
2359268118
2343660786
2340156770
2344855007
2331692239
2376727770
2374147283
2381240892
2394603981
2410097848
2388006261
2376247956
2378880172
2383478578
2381290714
2358863859
2371559999
2362521923
2366375471
2369327595
2342123718
2370790853
2352732020
2346894003
2353126510
2374335978
2371843682
2388221072
2376525558
2376841223
2354375785
2379973703
2379433147
2393809466
2387226062
2375889046
2365275888
2380578591
2386310350
2383231605
2383892170
2371223988
2374892394
2385789968
2378051238
2347241180
2361295182
2355375420
2358179752
2359785174
2358776917
2370092885
2380726299
2378781388
2381491458
2376457943
2378783327
2381049851
2381905897
2385996070
2263988397
2336864122
2344326738
2350453716
2357475273
2124474632
2362280739
2366409664
2372291199
2381679838
1292964181
2381739823
2377765392
2397982073
2406568703
1722087079
2362504643
2361819761
2381979537
2370307803
2260570397
2344814056
2359978005
2346218264
2359248765
2357406582
2353566149
2359884058
2381633596
2370848243
2374218644
2361656186
2366797509
2380312912
2374627993
2373273016
2359411895
2372118589
2371551079
2378597045
2381660747
2370822154
2370562264
2379298725
2391899960
2380539071
2354676592
2363641801
2362027902
2367155577
2381879157
2367608651
2357382935
2366984746
2373546617
2372496337
