1478925687
1755782063
1784900975
1649397801
1178209367
1466916251
1540053756
1623378068
1592354491
1532953218
1472658321
1593083424
1584265983
1728952667
1685918640
1567301285
1566199648
1547327943
1385972206
1472302988
1702644262
1696003657
1660122135
1298348198
1431714893
1689326723
1703493396
1577611588
1135251256
1499632417
1523451785
1466551854
1437925106
1383493242
1494484032
1578198806
1540657774
1477307787
1367799120
1426504967
1430382009
1290629207
1286914227
1240034975
1137047588
1339480586
1293230122
1292711760
1411395427
1371789556
1019500008
1217043965
1345218994
1215734241
1043092738
1220730592
1264409685
1202371083
1191265257
1240090819
1246975944
1246632669
1245951168
1241721508
1229317933
1244968772
1234522050
1251856691
1244193210
1391396299
1402733529
1411028090
1406039077
1582269087
1586815913
1549219224
1149825818
1380228763
1447140746
1450377060
1171059592
1169675313
1172210665
1310517377
1304497296
1039021867
1443756862
1441273882
1250008135
859094506
863177926
674640153
1048766807
1275772467
1246051846
949826455
863293533
1365497067
1363666924
1149317707
708161638
1123793340
1339941140
1395071903
1113716706
1002595974
1018183203
1137638042
1153136445
1078555136
975073248
1188650597
1240720973
1187968481
1160876971
1265529140
1255655182
1167554073
1324053857
1317088704
1291189253
1285376397
1263703188
1081278600
1365172343
1373878590
1283896570
1002685756
1306294382
1271191272
1113696548
1295028815
1284848138
1151280311
1016046583
1098213009
1139586447
1244008524
1206875436
1129750716
1326713565
1389023815
1390162806
1363875370
1038062901
1108310544
1041708331
989697766
1193348186
1215763619
1127667597
741178342
1038014098
1221231254
1176947839
788885651
995432901
954635554
789600420
1294993843
1276189855
1016498115
1054461320
1287739976
1277238624
787796805
756731443
1131997966
1135651224
1010313945
984332883
1026343894
602872030
1309083212
1361513395
1350128895
896113017
1036584374
1017574163
1028635952
994972774
813545687
1021068529
1034444638
934447259
888226072
1282449320
1341275104
1345120067
1263455911
1611344860
1592381062
1301529441
1215769051
1491756132
1701917951
1678145885
1594732233
1147710499
1430935955
1454640735
1214441328
1177039843
1035409199
1349426643
1351389433
1336207497
1277126286
1215489306
1111941416
1343023682
1374241564
1415846040
1375246827
1478692537
1430850673
1387180026
1375152092
945445213
1162647071
1179171915
975484482
1149665503
1151829485
973666340
998377091
933554454
1101066738
1232935642
1147630128
691937751
869118388
1045925457
1234057351
1222861914
1087665629
695189142
879901473
1074301506
991806217
893539502
890922601
1009750995
1051725448
999329584
1225849553
1181934121
1114919561
1271484624
1242308797
965501157
896350601
778139251
1101650382
1276477946
1281284120
837347964
706717343
1054991619
1182067724
1218597154
1072515214
1014322856
1114563616
1166480925
1226068312
1406463648
1394040220
1193779593
1058284937
1335498866
1325003979
1156514495
1288294847
1243404413
1108736361
1332190187
1371730062
1367377689
1108695082
1105517987
1104862689
922774721
1288669729
1357691218
1342415049
1138250155
1280297919
1263927449
1282276544
1280538824
1191938564
1082457846
1203369851
1331096106
1238035531
1236138360
1215714489
1218243292
1254580024
1247557579
1232195799
1217846182
1197771770
1240573601
1196711463
1180728883
1214658219
1223552103
1223043568
1251696652
1232588247
1225397464
1227178852
1239804406
1245458911
1227188932
1213586514
1215537184
1220766889
1219552354
1237012609
1244122281
1236165656
1233715454
1231200417
1236759541
1240506283
1238685088
1226268708
1150713824
1170437924
1230313969
1224106138
1167332053
1221982477
1214365503
1109934994
965054315
1033095329
971934110
1362511967
1398614968
1372816401
890535035
1195729524
1203826018
1212288362
1170476484
1162939630
1087897760
1108526137
1231296019
1256246514
1253537927
1085601726
1085805305
997308081
841705550
1238203955
1252404032
1097465363
1024186497
1056825760
902673109
1216397774
1212011767
1163717535
840012665
999837396
910758274
1426836726
1447066498
1427710925
745421792
888671476
822916334
1409538772
1397072593
1355688950
1074287844
1109984400
1098135428
1321488368
1298595919
1123030923
1137280592
1122935890
1150355013
1275889998
1292840617
1000194905
745329353
1208029335
1266540986
1130880628
682633553
1174083788
1308429134
1290605146
1099035872
1317371746
1313995122
1091783194
1319233544
1312111088
1057977283
1185007645
1176809179
866095143
926034321
1314646717
1316517600
972072539
1228796192
1220942777
1014879753
977223217
951961731
780215818
933311721
1215064410
1204751019
959596032
856045918
1226437559
1238350417
1156099932
748960600
906430003
897034428
1410950710
1433600990
1404557063
782989209
1193777473
1234703053
1237888868
1195607313
1178358954
1166692111
1170766658
1224647365
1235263706
1237854334
1232526858
1242843806
1168994667
1175084900
1224063625
1248421057
1242555623
1244401467
1244265940
1235772089
1276398690
1273428919
1239388237
1249833337
1284866947
1274293079
1270530503
1321445742
1328410860
1238442158
1224354591
1221306280
1241714876
1272065682
1230672302
1230627558
1242980410
1130834487
899384336
2221383823
2599707976
2873383679
3190974787
3157892297
3164947889
3064356683
3100908769
2998706505
2973072828
2970903981
2992304025
2962764627
3046456926
3014780533
3055948509
3145911552
3131113591
3139826873
3132565525
3197575122
3193073871
3256907816
3144638492
3158507147
3164871424
3249208872
3152376226
3170188716
3189533588
3161460764
3134561044
3124591157
3059086919
3101046723
3088410052
3249089487
3191426093
3196219032
3245423216
3267898531
3232185148
3223671721
3331017351
3289521612
3376818002
3420177823
3433126403
3505285386
3493835870
3659344935
3611425960
3548388033
3460083338
3476223540
3435887816
3432889766
3416331317
3386408207
3377067863
3336136289
3339275334
3357134449
3298965734
3301347527
3359673492
3312967041
3375290642
3363997156
3343041865
3354402052
3210014495
3212211486
3237659046
3126036865
3115604242
3197302424
3311792867
3280411146
3280299396
3476067979
3433395417
3444896245
3381360144
3403015685
3199346223
3140273570
3083726119
3176078509
3206762553
3291903215
3294900446
3407160186
3416703756
3411279667
3364312326
3373787966
3408258801
3374573201
3365470222
3313058361
3407676582
3416115367
3454465821
3484207003
3474781824
3441045300
3565388846
3650837162
3596157406
3495464726
3443956976
3473177104
3414492866
3402219758
3303992228
3253702576
3239812072
3227892006
3255719133
3208658034
3232276270
3329926002
3343079614
3326319961
3327555933
3373270968
3381457563
3394063979
3380909823
3436406080
3390768691
3466300450
3429922507
3480066129
3432539703
3419904385
3482372931
3403390738
3388487887
3324113278
3300524883
3336603696
3357856660
3401849927
3456582584
3565167249
3494665255
3596792363
3536835360
3547666494
3446941024
3537090923
3685767541
3568056430
3651123452
3555059798
3534628533
3620772906
3575681677
3521114611
3418123324
3416746524
3497784974
3577338663
3444120988
3514025798
3614349023
3697394961
3641449933
3722852411
3619595690
3574495383
3587937074
3656182215
3576958847
3543568966
3548976323
3645150878
3692941503
3645780511
3651904075
3687273182
3622040601
3570073888
3552772107
3510185946
3479731520
3401688272
3401201063
3196803891
3233663402
3173668967
3113065670
2958583072
3072376909
3003459197
3017652069
3068394921
3267694127
3212356792
3284546104
3295956165
3285901293
3307887521
3368248323
3327252387
3304884879
3330567371
3289086791
3201209472
3186837528
3091098697
3129692911
3292596579
3334105876
3473628166
3447571781
3537215491
3655429029
3435394357
3396148188
3494537598
3530309752
3554398175
3552033149
3526077493
3614264500
3701696828
3644004880
3585927228
3543646914
3590148420
3631321084
3615280063
3514057673
3616531154
3591126765
3809839908
3825723343
3761678629
3745303521
3714664861
3689101827
3541417722
3584154708
3428275131
3393449477
3359638649
3471049609
3458745754
3499453764
3488683834
3496677781
3572587908
3515564275
3530136029
3484398017
3529415009
3534976391
3509328203
3509204637
3428713357
3384948980
3405521751
3361296467
3334016200
3402832008
3369966757
3392330170
3343219062
3315345138
3287263878
3232983140
3311092002
3313527223
3319919934
3362670891
3352206679
3347686156
3363433130
3420774704
3444621131
3468515355
3536950847
3481555008
3410680308
3402829642
3409455777
3329590536
3353558075
3339723652
3397548024
3317443997
3324381659
3312362396
3309211510
3262620868
3306566372
3345982203
3305430918
3315367613
3315908427
3274564602
3260542701
3281537492
3217013188
3256841871
3269844641
3306412624
3312218602
3307779694
3298985359
3298102348
3269990442
3337387638
3273088104
3310761083
3280394563
3358117771
3343691907
3342106463
3303267870
3358613570
3337301880
3348380372
3335200192
3402544751
3407239853
3393478850
3427143527
3381693129
3398672489
3410435892
3396352171
3458174799
3499206534
3522763684
3527368314
3514567278
3532634010
3493111786
3477892378
3449198494
3457591736
3378010203
3340062402
3461978729
3448842473
3367703375
3407407957
3436737986
3421594826
3408829646
3435394197
3551615389
3569471455
3522034114
3581436831
3594176870
3564838560
3591064776
3544078349
3513429804
3526309658
3544518694
3506753775
3599879363
3520326327
3568866585
3541827143
3565337792
3494694112
3487694118
3513903768
3379774011
3386694585
3367421586
3405582027
3305908214
3338810709
3313021868
3317030776
3318873555
3391922950
3371138158
3359851837
3394443178
3330235659
3416530582
3420304546
3383910509
3394702421
3487684753
3491401768
3502281527
3442135809
3401734079
3473250590
3437494291
3524077130
3421475914
3425427739
3416616355
3356639116
3324786722
3402973319
3392308542
3415981267
3414885696
3365358768
3359546948
3337619875
3358392907
3322171279
3356760647
3504689760
3536917931
3558752899
3518418033
3602359887
3588517037
3557942498
3510748538
3485317942
3468335785
3450353911
3509249781
3471077195
3499510519
3480837687
3465628347
3452397094
3377458236
3415195841
3333546310
3257941648
3299113039
3273768187
3323552268
3318006940
3383580318
3342466058
3296260230
3292093761
3256489468
3274720830
3270649936
3281282299
3227032730
3290394774
3207930803
3258819378
3248418629
3248520535
3292009625
3225404289
3243131126
3258248145
3232805077
3251631332
3245133869
3242229041
3195728981
3237061476
3191392662
3255943986
3271435600
3294673523
3334221450
3318872776
3396045820
3079047901
3063015878
2634655291
2048051359
2048931432
