1483439999
1759334388
1785291252
1649745840
1178578736
1470273490
1540384007
1623781011
1592738447
1533335792
1473036626
1593487485
1584643057
1729329623
1686330466
1567688258
1566580414
1547704063
1386388202
1472664656
1707851652
1699383612
1660528691
1298728430
1432097234
1695969691
1708948824
1578010014
1139393300
1500024136
1523859969
1467009347
1438292089
1383873103
1494876819
1578548816
1543979286
1477677933
1368212057
1426865876
1431298677
1291087191
1287280726
1240432442
1137409945
1339934422
1293585592
1293107736
1411778990
1375145303
1019859253
1220410526
1345613552
1216655766
1043993564
1222110223
1264777442
1202759452
1191645104
1240464441
1248345950
1247058515
1246305562
1242116725
1229678624
1245324567
1234919636
1252225068
1244603572
1391801271
1403132305
1411428198
1406428290
1582665559
1590164951
1549627795
1150220595
1384308118
1447401769
1450683052
1174437883
1170013243
1172606936
1310890685
1304842943
1039362891
1454246577
1462165071
1250344707
862377374
863541847
677956936
1049605831
1279828492
1246384213
950156285
863705324
1365863945
1363898843
1149672670
708498892
1124143344
1343387913
1395416561
1114059986
1002967698
1021727280
1137998772
1153464581
1079848753
975414397
1191910101
1241041760
1188319287
1161294514
1265859186
1255978076
1167903916
1324415390
1319580106
1292126166
1288566618
1264069923
1081624832
1368506813
1374205704
1284242447
1003114006
1309451803
1271552420
1114040063
1298448738
1285195535
1152850461
1020029703
1098545804
1139916501
1248024800
1207201434
1130131346
1329975172
1389872055
1390930536
1364229692
1038426731
1112312722
1045831517
990045046
1193690638
1216121014
1128069142
741500507
1038560018
1221601202
1177291232
789206846
995782694
958436587
789910462
1299061474
1276501526
1016861501
1054808356
1290970117
1277559646
788125020
757086864
1132343043
1135965339
1010635856
987644388
1026663068
603195358
1313410514
1361884186
1353759948
899657366
1036924578
1017885772
1028955213
995309074
813850559
1024337938
1034734026
938058089
888557001
1285868216
1341592448
1345423430
1270551696
1611660258
1592696154
1304802693
1216564776
1492099834
1707863255
1681955951
1595067560
1148069728
1431273937
1455001445
1214768769
1185988503
1035728148
1349714596
1351706075
1336545410
1280134842
1215801672
1112264521
1346488468
1375635230
1416684100
1375599536
1479010813
1431221749
1387498122
1376456575
945780410
1163004775
1179461512
975807869
1150019892
1152133580
973997817
1005931956
937053365
1105043020
1233255751
1147939584
692291602
869424133
1046239261
1234423537
1223165796
1088006762
696045192
880216368
1078129562
992131078
899578654
892219010
1012995383
1052037749
999680158
1226154803
1182242454
1115229768
1274714013
1242630265
965799220
896698650
778445178
1102827110
1279809962
1281601515
838235441
707032348
1055351370
1186000553
1218928611
1072811490
1014641860
1114900627
1166801827
1227455604
1406784373
1394420406
1194199623
1058655245
1338726274
1325326812
1156859433
1299671390
1243734607
1112154287
1335589391
1372040051
1367720222
1109038831
1105881869
1105212887
923079436
1292237953
1358005688
1342712183
1141676381
1280627906
1264287081
1285711657
1280848318
1192273971
1082793958
1203709309
1331435838
1238354679
1236485169
1216039061
1218590438
1254911289
1247898874
1232518382
1218178454
1198161080
1240905674
1197053785
1181054922
1215483337
1223905678
1223419488
1253220294
1232942207
1225775655
1227509086
1240128658
1245786712
1227523811
1213910367
1215866019
1221133419
1219906475
1237355927
1244478601
1236521037
1234060120
1231518048
1237087244
1240827122
1239035263
1226632593
1151043983
1170822230
1233536258
1224434721
1167680819
1222305809
1214684405
1110261912
965401648
1036265878
972262582
1365889911
1398897173
1373146579
890871653
1197047304
1204136211
1212618569
1170791675
1163301565
1088240144
1108870297
1231611487
1256593891
1253847911
1085931665
1086136262
997644716
842017900
1241660227
1252711395
1097778572
1027917409
1057150172
902986743
1216709685
1212318118
1164057075
840343850
1003365931
911104300
1430190652
1447358651
1428000672
745703442
889045497
823225112
1412820251
1397368034
1355999575
1078324363
1110368068
1098446828
1325531647
1298891602
1123350867
1137584871
1123242526
1151326183
1279323384
1293148577
1000518894
745646619
1211369479
1266831424
1131224850
682947314
1174420643
1311682308
1290926377
1100468027
1317684779
1314328059
1092184457
1319597543
1312996380
1058304497
1185370126
1177133880
866475438
927101230
1314974416
1316841062
972397843
1229139810
1221243914
1015207143
977538154
952263438
780532698
933665336
1218505111
1205125852
959924377
856391889
1226754648
1238675927
1156431917
749275597
906742139
897315545
1414252111
1433924332
1404857640
783300462
1194093247
1235017173
1238196213
1195932007
1179661210
1167018325
1171138018
1224956388
1236717976
1238197411
1232855325
1243189326
1169313229
1175448070
1224388479
1248743846
1242894776
1244732077
1244585994
1236127568
1276754334
1273761159
1239735308
1250176085
1285212970
1274613505
1270854217
1322556411
1328725194
1238773170
1224685701
1221618540
1242031247
1272378681
1230999201
1230989228
1244510422
1131158032
899706466
2225322352
2606357016
2873765773
3194493823
3161220958
3165326264
3064740720
3101236261
2999040429
2973425796
2974284570
2992685509
2963111418
3046807952
3015103308
3056271196
3150436774
3132661854
3140169064
3132937260
3201323169
3196182027
3257285240
3145000753
3158875877
3165273046
3263329432
3155500429
3170536788
3189906944
3161778905
3147851602
3124948367
3060907173
3104219946
3088783682
3249452134
3191792150
3196575477
3249244025
3268245621
3236112002
3224017974
3334212134
3289868924
3377157430
3420473257
3433444373
3510452306
3494197644
3662585116
3611781135
3548772454
3463530216
3476589913
3439063490
3433260774
3416736622
3386747427
3377436132
3336479046
3339615211
3360559994
3299314459
3301720059
3360025728
3317510142
3375628608
3364321906
3346175545
3354766377
3210375312
3212540411
3238031206
3126395371
3115851461
3197670591
3312178464
3281816928
3280606248
3476431590
3433759865
3445213102
3381739860
3403293954
3202310228
3144247801
3084666011
3176447522
3207091753
3292266599
3295128359
3407430305
3417020256
3411524891
3364691301
3374116798
3408606809
3374895767
3365809619
3313388107
3408016115
3416440006
3454754284
3484527254
3475129134
3441413875
3565716166
3654175282
3596499595
3495851729
3444296979
3473510599
3415456806
3402541427
3304735485
3254054829
3245445035
3228216077
3256052266
3209013637
3232617831
3330233947
3343423405
3326655170
3327884207
3373602761
3381795666
3394382816
3381227361
3439578175
3391096066
3466624267
3430295862
3480399993
3432836860
3420234968
3488764717
3403717096
3388819563
3324471082
3303777623
3336946680
3358189922
3406128808
3456921867
3565504878
3494985339
3597114482
3540671179
3547984440
3447308383
3537426106
3686091972
3568381500
3651451547
3558373631
3534966296
3624030586
3576013675
3521449483
3418452695
3417011784
3498138647
3577625222
3444465987
3514384394
3614716747
3701583604
3641780347
3723173982
3619942017
3574819697
3588290700
3656517231
3577275610
3544056689
3549308908
3645464621
3696488985
3646945548
3652196640
3687651318
3622355390
3573356206
3553113883
3510520365
3480091265
3402056772
3401571297
3197141539
3234013704
3173959455
3113415597
2958890929
3072719250
3003722938
3017956396
3068735281
3268015541
3212685032
3284832977
3296283637
3286274789
3308140149
3368649221
3327564673
3306102327
3330856837
3289403673
3201505723
3187154840
3091419641
3129961245
3292930301
3334433992
3473949501
3448555338
3537560737
3656481510
3435812287
3399481989
3494854165
3530649319
3554688853
3552376854
3526802640
3614608673
3702031376
3647137398
3586238822
3543963012
3590879901
3634429336
3615621644
3514442869
3616861520
3591410961
3810182197
3827016917
3761990866
3745635562
3714974791
3689426837
3541698098
3584475370
3428592042
3393755276
3359965416
3471355617
3459047514
3499772191
3488922999
3497021036
3572905398
3515862327
3530490795
3484692498
3529751365
3535272743
3509648967
3509504778
3429013394
3385267672
3405835875
3361611518
3334318972
3403168211
3370265768
3392671973
3343522456
3315676759
3287563469
3233319521
3311442196
3313877720
3321281479
3362982156
3352560512
3347993477
3363757381
3430160661
3444982454
3471751557
3537254633
3484725936
3411011831
3403139874
3409814202
3332862400
3353870069
3340037054
3397855430
3318258386
3324715964
3312699516
3312686188
3262936068
3306891858
3348877513
3305726523
3315684343
3316244051
3278032293
3260843810
3281837309
3217312207
3257144032
3270144737
3306742889
3315377229
3308065877
3299302742
3298406405
3270317163
3337690323
3273401817
3313626878
3280690250
3358426077
3344049659
3342423349
3303572301
3358951141
3337608543
3348672146
3335547369
3402843860
3407579160
3393783965
3427473464
3382016392
3398994840
3410778833
3399514431
3458482725
3499519036
3523080780
3527678949
3514874820
3532966914
3496730311
3478202266
3449550462
3457886163
3378331441
3340328259
3462278623
3449146468
3368020937
3408832627
3437065253
3421899289
3409152107
3435752196
3551918232
3569777223
3522356886
3581726376
3597364359
3565147171
3594282634
3544393427
3513738486
3529430773
3544850276
3507080225
3600210524
3520639066
3569170329
3542132318
3565680409
3494996049
3487985856
3514615760
3380101413
3387024766
3367670577
3405884267
3306182651
3339116895
3313334137
3317356817
3322018457
3392220552
3371483901
3360115846
3394741019
3330596799
3416857295
3427936196
3384231588
3395030022
3487997758
3491615930
3507222332
3442931618
3402044365
3473562395
3437843305
3524349427
3421784471
3425767701
3416901613
3360374261
3325102416
3403278671
3392514933
3416289239
3415199495
3365585623
3359846735
3337923046
3358700191
3322511080
3357076861
3504971966
3537207575
3559066454
3518712822
3602649308
3588802579
3558162345
3511069646
3485622561
3468628178
3450652081
3509589703
3471397688
3499807052
3481161227
3465930951
3452650827
3377738650
3415474748
3333919739
3258231266
3299438849
3274050046
3323843058
3318325310
3383843953
3342806633
3296577614
3295544324
3256796795
3275088535
3270937411
3281542817
3227591994
3290669948
3208221942
3259131964
3248714972
3248797093
3292302175
3225690986
3243399598
3259100763
3233071508
3251943630
3245438414
3242551470
3195996840
3237331281
3191645879
3256231920
3271766313
3294985305
3334502521
3319192343
3396295321
3079349683
3063304812
2634978628
2048354356
2049141638