2221383823
2599707976
2873383679
3190974787
3157892297
3164947889
3064356683
3100908769
2998706505
2973072828
2970903981
2992304025
2962764627
3046456926
3014780533
3055948509
3145911552
3131113591
3139826873
3132565525
3197575122
3193073871
3256907816
3144638492
3158507147
3164871424
3249208872
3152376226
3170188716
3189533588
3161460764
3134561044
3124591157
3059086919
3101046723
3088410052
3249089487
3191426093
3196219032
3245423216
3267898531
3232185148
3223671721
3331017351
3289521612
3376818002
3420177823
3433126403
3505285386
3493835870
3659344935
3611425960
3548388033
3460083338
3476223540
3435887816
3432889766
3416331317
3386408207
3377067863
3336136289
3339275334
3357134449
3298965734
3301347527
3359673492
3312967041
3375290642
3363997156
3343041865
3354402052
3210014495
3212211486
3237659046
3126036865
3115604242
3197302424
3311792867
3280411146
3280299396
3476067979
3433395417
3444896245
3381360144
3403015685
3199346223
3140273570
3083726119
3176078509
3206762553
3291903215
3294900446
3407160186
3416703756
3411279667
3364312326
3373787966
3408258801
3374573201
3365470222
3313058361
3407676582
3416115367
3454465821
3484207003
3474781824
3441045300
3565388846
3650837162
3596157406
3495464726
3443956976
3473177104
3414492866
3402219758
3303992228
3253702576
3239812072
3227892006
3255719133
3208658034
3232276270
3329926002
3343079614
3326319961
3327555933
3373270968
3381457563
3394063979
3380909823
3436406080
3390768691
3466300450
3429922507
3480066129
3432539703
3419904385
3482372931
3403390738
3388487887
3324113278
3300524883
3336603696
3357856660
3401849927
3456582584
3565167249
3494665255
3596792363
3536835360
3547666494
3446941024
3537090923
3685767541
3568056430
3651123452
3555059798
3534628533
3620772906
3575681677
3521114611
3418123324
3416746524
3497784974
3577338663
3444120988
3514025798
3614349023
3697394961
3641449933
3722852411
3619595690
3574495383
3587937074
3656182215
3576958847
3543568966
3548976323
3645150878
3692941503
3645780511
3651904075
3687273182
3622040601
3570073888
3552772107
3510185946
3479731520
3401688272
3401201063
3196803891
3233663402
3173668967
3113065670
2958583072
3072376909
3003459197
3017652069
3068394921
3267694127
3212356792
3284546104
3295956165
3285901293
3307887521
3368248323
3327252387
3304884879
3330567371
3289086791
3201209472
3186837528
3091098697
3129692911
3292596579
3334105876
3473628166
3447571781
3537215491
3655429029
3435394357
3396148188
3494537598
3530309752
3554398175
3552033149
3526077493
3614264500
3701696828
3644004880
3585927228
3543646914
3590148420
3631321084
3615280063
3514057673
3616531154
3591126765
3809839908
3825723343
3761678629
3745303521
3714664861
3689101827
3541417722
3584154708
3428275131
3393449477
3359638649
3471049609
3458745754
3499453764
3488683834
3496677781
3572587908
3515564275
3530136029
3484398017
3529415009
3534976391
3509328203
3509204637
3428713357
3384948980
3405521751
3361296467
3334016200
3402832008
3369966757
3392330170
3343219062
3315345138
3287263878
3232983140
3311092002
3313527223
3319919934
3362670891
3352206679
3347686156
3363433130
3420774704
3444621131
3468515355
3536950847
3481555008
3410680308
3402829642
3409455777
3329590536
3353558075
3339723652
3397548024
3317443997
3324381659
3312362396
3309211510
3262620868
3306566372
3345982203
3305430918
3315367613
3315908427
3274564602
3260542701
3281537492
3217013188
3256841871
3269844641
3306412624
3312218602
3307779694
3298985359
3298102348
3269990442
3337387638
3273088104
3310761083
3280394563
3358117771
3343691907
3342106463
3303267870
3358613570
3337301880
3348380372
3335200192
3402544751
3407239853
3393478850
3427143527
3381693129
3398672489
3410435892
3396352171
3458174799
3499206534
3522763684
3527368314
3514567278
3532634010
3493111786
3477892378
3449198494
3457591736
3378010203
3340062402
3461978729
3448842473
3367703375
3407407957
3436737986
3421594826
3408829646
3435394197
3551615389
3569471455
3522034114
3581436831
3594176870
3564838560
3591064776
3544078349
3513429804
3526309658
3544518694
3506753775
3599879363
3520326327
3568866585
3541827143
3565337792
3494694112
3487694118
3513903768
3379774011
3386694585
3367421586
3405582027
3305908214
3338810709
3313021868
3317030776
3318873555
3391922950
3371138158
3359851837
3394443178
3330235659
3416530582
3420304546
3383910509
3394702421
3487684753
3491401768
3502281527
3442135809
3401734079
3473250590
3437494291
3524077130
3421475914
3425427739
3416616355
3356639116
3324786722
3402973319
3392308542
3415981267
3414885696
3365358768
3359546948
3337619875
3358392907
3322171279
3356760647
3504689760
3536917931
3558752899
3518418033
3602359887
3588517037
3557942498
3510748538
3485317942
3468335785
3450353911
3509249781
3471077195
3499510519
3480837687
3465628347
3452397094
3377458236
3415195841
3333546310
3257941648
3299113039
3273768187
3323552268
3318006940
3383580318
3342466058
3296260230
3292093761
3256489468
3274720830
3270649936
3281282299
3227032730
3290394774
3207930803
3258819378
3248418629
3248520535
3292009625
3225404289
3243131126
3258248145
3232805077
3251631332
3245133869
3242229041
3195728981
3237061476
3191392662
3255943986
3271435600
3294673523
3334221450
3318872776
3396045820
3079047901
3063015878
2634655291
2048051359
2048931432
