2225322352
2606357016
2873765773
3194493823
3161220958
3165326264
3064740720
3101236261
2999040429
2973425796
2974284570
2992685509
2963111418
3046807952
3015103308
3056271196
3150436774
3132661854
3140169064
3132937260
3201323169
3196182027
3257285240
3145000753
3158875877
3165273046
3263329432
3155500429
3170536788
3189906944
3161778905
3147851602
3124948367
3060907173
3104219946
3088783682
3249452134
3191792150
3196575477
3249244025
3268245621
3236112002
3224017974
3334212134
3289868924
3377157430
3420473257
3433444373
3510452306
3494197644
3662585116
3611781135
3548772454
3463530216
3476589913
3439063490
3433260774
3416736622
3386747427
3377436132
3336479046
3339615211
3360559994
3299314459
3301720059
3360025728
3317510142
3375628608
3364321906
3346175545
3354766377
3210375312
3212540411
3238031206
3126395371
3115851461
3197670591
3312178464
3281816928
3280606248
3476431590
3433759865
3445213102
3381739860
3403293954
3202310228
3144247801
3084666011
3176447522
3207091753
3292266599
3295128359
3407430305
3417020256
3411524891
3364691301
3374116798
3408606809
3374895767
3365809619
3313388107
3408016115
3416440006
3454754284
3484527254
3475129134
3441413875
3565716166
3654175282
3596499595
3495851729
3444296979
3473510599
3415456806
3402541427
3304735485
3254054829
3245445035
3228216077
3256052266
3209013637
3232617831
3330233947
3343423405
3326655170
3327884207
3373602761
3381795666
3394382816
3381227361
3439578175
3391096066
3466624267
3430295862
3480399993
3432836860
3420234968
3488764717
3403717096
3388819563
3324471082
3303777623
3336946680
3358189922
3406128808
3456921867
3565504878
3494985339
3597114482
3540671179
3547984440
3447308383
3537426106
3686091972
3568381500
3651451547
3558373631
3534966296
3624030586
3576013675
3521449483
3418452695
3417011784
3498138647
3577625222
3444465987
3514384394
3614716747
3701583604
3641780347
3723173982
3619942017
3574819697
3588290700
3656517231
3577275610
3544056689
3549308908
3645464621
3696488985
3646945548
3652196640
3687651318
3622355390
3573356206
3553113883
3510520365
3480091265
3402056772
3401571297
3197141539
3234013704
3173959455
3113415597
2958890929
3072719250
3003722938
3017956396
3068735281
3268015541
3212685032
3284832977
3296283637
3286274789
3308140149
3368649221
3327564673
3306102327
3330856837
3289403673
3201505723
3187154840
3091419641
3129961245
3292930301
3334433992
3473949501
3448555338
3537560737
3656481510
3435812287
3399481989
3494854165
3530649319
3554688853
3552376854
3526802640
3614608673
3702031376
3647137398
3586238822
3543963012
3590879901
3634429336
3615621644
3514442869
3616861520
3591410961
3810182197
3827016917
3761990866
3745635562
3714974791
3689426837
3541698098
3584475370
3428592042
3393755276
3359965416
3471355617
3459047514
3499772191
3488922999
3497021036
3572905398
3515862327
3530490795
3484692498
3529751365
3535272743
3509648967
3509504778
3429013394
3385267672
3405835875
3361611518
3334318972
3403168211
3370265768
3392671973
3343522456
3315676759
3287563469
3233319521
3311442196
3313877720
3321281479
3362982156
3352560512
3347993477
3363757381
3430160661
3444982454
3471751557
3537254633
3484725936
3411011831
3403139874
3409814202
3332862400
3353870069
3340037054
3397855430
3318258386
3324715964
3312699516
3312686188
3262936068
3306891858
3348877513
3305726523
3315684343
3316244051
3278032293
3260843810
3281837309
3217312207
3257144032
3270144737
3306742889
3315377229
3308065877
3299302742
3298406405
3270317163
3337690323
3273401817
3313626878
3280690250
3358426077
3344049659
3342423349
3303572301
3358951141
3337608543
3348672146
3335547369
3402843860
3407579160
3393783965
3427473464
3382016392
3398994840
3410778833
3399514431
3458482725
3499519036
3523080780
3527678949
3514874820
3532966914
3496730311
3478202266
3449550462
3457886163
3378331441
3340328259
3462278623
3449146468
3368020937
3408832627
3437065253
3421899289
3409152107
3435752196
3551918232
3569777223
3522356886
3581726376
3597364359
3565147171
3594282634
3544393427
3513738486
3529430773
3544850276
3507080225
3600210524
3520639066
3569170329
3542132318
3565680409
3494996049
3487985856
3514615760
3380101413
3387024766
3367670577
3405884267
3306182651
3339116895
3313334137
3317356817
3322018457
3392220552
3371483901
3360115846
3394741019
3330596799
3416857295
3427936196
3384231588
3395030022
3487997758
3491615930
3507222332
3442931618
3402044365
3473562395
3437843305
3524349427
3421784471
3425767701
3416901613
3360374261
3325102416
3403278671
3392514933
3416289239
3415199495
3365585623
3359846735
3337923046
3358700191
3322511080
3357076861
3504971966
3537207575
3559066454
3518712822
3602649308
3588802579
3558162345
3511069646
3485622561
3468628178
3450652081
3509589703
3471397688
3499807052
3481161227
3465930951
3452650827
3377738650
3415474748
3333919739
3258231266
3299438849
3274050046
3323843058
3318325310
3383843953
3342806633
3296577614
3295544324
3256796795
3275088535
3270937411
3281542817
3227591994
3290669948
3208221942
3259131964
3248714972
3248797093
3292302175
3225690986
3243399598
3259100763
3233071508
3251943630
3245438414
3242551470
3195996840
3237331281
3191645879
3256231920
3271766313
3294985305
3334502521
3319192343
3396295321
3079349683
3063304812
2634978628
2048354356
2049141638
