1483439999
1759334388
1785291252
1649745840
1178578736
1470273490
1540384007
1623781011
1592738447
1533335792
1473036626
1593487485
1584643057
1729329623
1686330466
1567688258
1566580414
1547704063
1386388202
1472664656
1707851652
1699383612
1660528691
1298728430
1432097234
1695969691
1708948824
1578010014
1139393300
1500024136
1523859969
1467009347
1438292089
1383873103
1494876819
1578548816
1543979286
1477677933
1368212057
1426865876
1431298677
1291087191
1287280726
1240432442
1137409945
1339934422
1293585592
1293107736
1411778990
1375145303
1019859253
1220410526
1345613552
1216655766
1043993564
1222110223
1264777442
1202759452
1191645104
1240464441
1248345950
1247058515
1246305562
1242116725
1229678624
1245324567
1234919636
1252225068
1244603572
1391801271
1403132305
1411428198
1406428290
1582665559
1590164951
1549627795
1150220595
1384308118
1447401769
1450683052
1174437883
1170013243
1172606936
1310890685
1304842943
1039362891
1454246577
1462165071
1250344707
862377374
863541847
677956936
1049605831
1279828492
1246384213
950156285
863705324
1365863945
1363898843
1149672670
708498892
1124143344
1343387913
1395416561
1114059986
1002967698
1021727280
1137998772
1153464581
1079848753
975414397
1191910101
1241041760
1188319287
1161294514
1265859186
1255978076
1167903916
1324415390
1319580106
1292126166
1288566618
1264069923
1081624832
1368506813
1374205704
1284242447
1003114006
1309451803
1271552420
1114040063
1298448738
1285195535
1152850461
1020029703
1098545804
1139916501
1248024800
1207201434
1130131346
1329975172
1389872055
1390930536
1364229692
1038426731
1112312722
1045831517
990045046
1193690638
1216121014
1128069142
741500507
1038560018
1221601202
1177291232
789206846
995782694
958436587
789910462
1299061474
1276501526
1016861501
1054808356
1290970117
1277559646
788125020
757086864
1132343043
1135965339
1010635856
987644388
1026663068
603195358
1313410514
1361884186
1353759948
899657366
1036924578
1017885772
1028955213
995309074
813850559
1024337938
1034734026
938058089
888557001
1285868216
1341592448
1345423430
1270551696
1611660258
1592696154
1304802693
1216564776
1492099834
1707863255
1681955951
1595067560
1148069728
1431273937
1455001445
1214768769
1185988503
1035728148
1349714596
1351706075
1336545410
1280134842
1215801672
1112264521
1346488468
1375635230
1416684100
1375599536
1479010813
1431221749
1387498122
1376456575
945780410
1163004775
1179461512
975807869
1150019892
1152133580
973997817
1005931956
937053365
1105043020
1233255751
1147939584
692291602
869424133
1046239261
1234423537
1223165796
1088006762
696045192
880216368
1078129562
992131078
899578654
892219010
1012995383
1052037749
999680158
1226154803
1182242454
1115229768
1274714013
1242630265
965799220
896698650
778445178
1102827110
1279809962
1281601515
838235441
707032348
1055351370
1186000553
1218928611
1072811490
1014641860
1114900627
1166801827
1227455604
1406784373
1394420406
1194199623
1058655245
1338726274
1325326812
1156859433
1299671390
1243734607
1112154287
1335589391
1372040051
1367720222
1109038831
1105881869
1105212887
923079436
1292237953
1358005688
1342712183
1141676381
1280627906
1264287081
1285711657
1280848318
1192273971
1082793958
1203709309
1331435838
1238354679
1236485169
1216039061
1218590438
1254911289
1247898874
1232518382
1218178454
1198161080
1240905674
1197053785
1181054922
1215483337
1223905678
1223419488
1253220294
1232942207
1225775655
1227509086
1240128658
1245786712
1227523811
1213910367
1215866019
1221133419
1219906475
1237355927
1244478601
1236521037
1234060120
1231518048
1237087244
1240827122
1239035263
1226632593
1151043983
1170822230
1233536258
1224434721
1167680819
1222305809
1214684405
1110261912
965401648
1036265878
972262582
1365889911
1398897173
1373146579
890871653
1197047304
1204136211
1212618569
1170791675
1163301565
1088240144
1108870297
1231611487
1256593891
1253847911
1085931665
1086136262
997644716
842017900
1241660227
1252711395
1097778572
1027917409
1057150172
902986743
1216709685
1212318118
1164057075
840343850
1003365931
911104300
1430190652
1447358651
1428000672
745703442
889045497
823225112
1412820251
1397368034
1355999575
1078324363
1110368068
1098446828
1325531647
1298891602
1123350867
1137584871
1123242526
1151326183
1279323384
1293148577
1000518894
745646619
1211369479
1266831424
1131224850
682947314
1174420643
1311682308
1290926377
1100468027
1317684779
1314328059
1092184457
1319597543
1312996380
1058304497
1185370126
1177133880
866475438
927101230
1314974416
1316841062
972397843
1229139810
1221243914
1015207143
977538154
952263438
780532698
933665336
1218505111
1205125852
959924377
856391889
1226754648
1238675927
1156431917
749275597
906742139
897315545
1414252111
1433924332
1404857640
783300462
1194093247
1235017173
1238196213
1195932007
1179661210
1167018325
1171138018
1224956388
1236717976
1238197411
1232855325
1243189326
1169313229
1175448070
1224388479
1248743846
1242894776
1244732077
1244585994
1236127568
1276754334
1273761159
1239735308
1250176085
1285212970
1274613505
1270854217
1322556411
1328725194
1238773170
1224685701
1221618540
1242031247
1272378681
1230999201
1230989228
1244510422
1131158032
899706466
