1478925687
1755782063
1784900975
1649397801
1178209367
1466916251
1540053756
1623378068
1592354491
1532953218
1472658321
1593083424
1584265983
1728952667
1685918640
1567301285
1566199648
1547327943
1385972206
1472302988
1702644262
1696003657
1660122135
1298348198
1431714893
1689326723
1703493396
1577611588
1135251256
1499632417
1523451785
1466551854
1437925106
1383493242
1494484032
1578198806
1540657774
1477307787
1367799120
1426504967
1430382009
1290629207
1286914227
1240034975
1137047588
1339480586
1293230122
1292711760
1411395427
1371789556
1019500008
1217043965
1345218994
1215734241
1043092738
1220730592
1264409685
1202371083
1191265257
1240090819
1246975944
1246632669
1245951168
1241721508
1229317933
1244968772
1234522050
1251856691
1244193210
1391396299
1402733529
1411028090
1406039077
1582269087
1586815913
1549219224
1149825818
1380228763
1447140746
1450377060
1171059592
1169675313
1172210665
1310517377
1304497296
1039021867
1443756862
1441273882
1250008135
859094506
863177926
674640153
1048766807
1275772467
1246051846
949826455
863293533
1365497067
1363666924
1149317707
708161638
1123793340
1339941140
1395071903
1113716706
1002595974
1018183203
1137638042
1153136445
1078555136
975073248
1188650597
1240720973
1187968481
1160876971
1265529140
1255655182
1167554073
1324053857
1317088704
1291189253
1285376397
1263703188
1081278600
1365172343
1373878590
1283896570
1002685756
1306294382
1271191272
1113696548
1295028815
1284848138
1151280311
1016046583
1098213009
1139586447
1244008524
1206875436
1129750716
1326713565
1389023815
1390162806
1363875370
1038062901
1108310544
1041708331
989697766
1193348186
1215763619
1127667597
741178342
1038014098
1221231254
1176947839
788885651
995432901
954635554
789600420
1294993843
1276189855
1016498115
1054461320
1287739976
1277238624
787796805
756731443
1131997966
1135651224
1010313945
984332883
1026343894
602872030
1309083212
1361513395
1350128895
896113017
1036584374
1017574163
1028635952
994972774
813545687
1021068529
1034444638
934447259
888226072
1282449320
1341275104
1345120067
1263455911
1611344860
1592381062
1301529441
1215769051
1491756132
1701917951
1678145885
1594732233
1147710499
1430935955
1454640735
1214441328
1177039843
1035409199
1349426643
1351389433
1336207497
1277126286
1215489306
1111941416
1343023682
1374241564
1415846040
1375246827
1478692537
1430850673
1387180026
1375152092
945445213
1162647071
1179171915
975484482
1149665503
1151829485
973666340
998377091
933554454
1101066738
1232935642
1147630128
691937751
869118388
1045925457
1234057351
1222861914
1087665629
695189142
879901473
1074301506
991806217
893539502
890922601
1009750995
1051725448
999329584
1225849553
1181934121
1114919561
1271484624
1242308797
965501157
896350601
778139251
1101650382
1276477946
1281284120
837347964
706717343
1054991619
1182067724
1218597154
1072515214
1014322856
1114563616
1166480925
1226068312
1406463648
1394040220
1193779593
1058284937
1335498866
1325003979
1156514495
1288294847
1243404413
1108736361
1332190187
1371730062
1367377689
1108695082
1105517987
1104862689
922774721
1288669729
1357691218
1342415049
1138250155
1280297919
1263927449
1282276544
1280538824
1191938564
1082457846
1203369851
1331096106
1238035531
1236138360
1215714489
1218243292
1254580024
1247557579
1232195799
1217846182
1197771770
1240573601
1196711463
1180728883
1214658219
1223552103
1223043568
1251696652
1232588247
1225397464
1227178852
1239804406
1245458911
1227188932
1213586514
1215537184
1220766889
1219552354
1237012609
1244122281
1236165656
1233715454
1231200417
1236759541
1240506283
1238685088
1226268708
1150713824
1170437924
1230313969
1224106138
1167332053
1221982477
1214365503
1109934994
965054315
1033095329
971934110
1362511967
1398614968
1372816401
890535035
1195729524
1203826018
1212288362
1170476484
1162939630
1087897760
1108526137
1231296019
1256246514
1253537927
1085601726
1085805305
997308081
841705550
1238203955
1252404032
1097465363
1024186497
1056825760
902673109
1216397774
1212011767
1163717535
840012665
999837396
910758274
1426836726
1447066498
1427710925
745421792
888671476
822916334
1409538772
1397072593
1355688950
1074287844
1109984400
1098135428
1321488368
1298595919
1123030923
1137280592
1122935890
1150355013
1275889998
1292840617
1000194905
745329353
1208029335
1266540986
1130880628
682633553
1174083788
1308429134
1290605146
1099035872
1317371746
1313995122
1091783194
1319233544
1312111088
1057977283
1185007645
1176809179
866095143
926034321
1314646717
1316517600
972072539
1228796192
1220942777
1014879753
977223217
951961731
780215818
933311721
1215064410
1204751019
959596032
856045918
1226437559
1238350417
1156099932
748960600
906430003
897034428
1410950710
1433600990
1404557063
782989209
1193777473
1234703053
1237888868
1195607313
1178358954
1166692111
1170766658
1224647365
1235263706
1237854334
1232526858
1242843806
1168994667
1175084900
1224063625
1248421057
1242555623
1244401467
1244265940
1235772089
1276398690
1273428919
1239388237
1249833337
1284866947
1274293079
1270530503
1321445742
1328410860
1238442158
1224354591
1221306280
1241714876
1272065682
1230672302
1230627558
1242980410
1130834487
899384336
