475608117
475888382
474770715
471468207
476877425
472791414
474635229
477361059
470069817
475101851
473276206
553883299
481352621
480089638
475452382
475394286
473634386
477220165
475209805
478119676
475374547
473163828
468675215
472343119
489858040
481954522
479662513
472129680
475355619
482213351
478602301
474319341
475599870
477172391
477492024
471358929
473812655
471739871
471135386
470948243
475939343
477287568
476463723
485140768
475483449
471585715
478171616
489120709
479774175
477749748
471823297
476310908
473483487
478649785
472860100
479778631
476282090
474349504
471920487
476715880
474958689
479920930
479698995
475335482
474883350
479147050
489539754
480778607
474523949
478503535
476531535
475780320
472039652
589165076
474911858
470995907
474053618
471611944
473934626
476407287
471744412
476357689
478926290
474244113
472745389
469363582
477753092
479443327
473650570
478068594
473275829
476030716
474773061
475699271
469560543
473865105
469931747
471155292
472924892
471469868
470800878
472167950
476884091
470761713
471341163
469490002
467394219
600689104
470022411
469924065
475701177
475684739
469308970
469500825
471199127
469036298
470498761
490428003
471828061
473286268
471031978
471064902
470897614
482220445
471578193
482953436
474294625
476056482
475033632
471407542
472735162
478394705
471153690
473635589
470662208
469213891
517437360
473076158
473893914
481226503
471674322
477570051
473644619
470130955
478258852
475466101
584435289
475173719
470284107
471739575
468122865
470559634
468601606
471464867
468674887
471373150
473576333
467541341
466879059
476296937
469190233
468441193
471980559
470912393
467687677
468638687
473461587
472094547
468838229
472817357
471961449
471363340
489575607
469290197
468485879
473091641
470605084
470039856
468508467
473052006
467440454
468761061
469779792
481491963
468119120
467466267
469585067
468510033
468719308
465909074
470750319
472928586
471823468
469773407
470168665
463161587
472043235
468257596
464947866
479087003
467629921
483140791
471645461
466704726
468639560
473002628
467104029
467542928
467361316
467760879
469880334
468429544
470714996
469963477
471142159
469709870
473645877
469422155
474663356
470636124
469216412
466006830
467711774
466410293
468429925
467099540
469416462
466261739
470685241
467166967
466226299
464277480
467714913
469577427
469790084
465946490
466287949
464629546
468596122
467302386
465689517
466618774
469302351
469724113
469605898
470736897
474173912
471518256
472146628
470393537
472251694
468817617
470066078
469068089
471697154
472511395
488736474
472547575
467826665
470298479
468646567
470334627
471238442
487723364
483187988
480318540
469190306
466766497
471438361
469450569
467175900
501076437
466812693
469427691
470916021
471251963
477080373
472423083
471157709
470264125
474401648
469729761
469617178
477012535
470219381
468821261
485601330
472749104
468699753
468669341
469424634
469432753
472893212