480092647
479926033
478610477
475631555
480657886
477653897
478378070
480999758
473772833
481327162
478092828
561632945
489492373
483557877
481106033
478888181
477283222
480803632
479272384
481651998
479868043
476627807
472144368
475913662
497615271
486425244
483203410
475549796
478770897
487166961
482172090
477792437
479054434
482195451
481865109
474959064
482810769
476686002
474673926
475076277
480256323
481026409
479855219
492540003
481546530
475052854
482795716
492538526
484015496
484165687
476348889
479848031
477755444
483662380
476358866
483313109
479819292
478705249
475465814
480159413
478403253
483481573
483271807
478736555
478407894
482810790
493951167
487249346
477996850
481910112
481232850
479252233
475528411
596089826
478336692
474673518
478545581
475085624
477307557
479893069
475298299
479805034
483016593
477700949
476737605
472720418
482076582
482966023
477078332
484469059
476693366
479548283
478243315
479748098
473189215
478153620
475117019
475005839
477073522
474887764
474659535
475808218
480439234
474380793
474815089
473635511
470774548
604094035
473918782
473252203
480280105
480255677
472707066
473647059
475481527
472491802
473910346
495385646
475395933
476944575
475076447
475123603
474196345
485612554
475333067
488450354
479088611
481530560
478539775
476799561
476942010
481832918
474697508
477309908
474726414
473911356
522916611
476397627
477378622
484593715
475046547
480970658
476957271
474047524
482442514
479025055
587966148
479836308
473556071
476701884
471479726
473756912
471834686
474619545
472323465
474606692
477496528
471214547
470107571
482302597
472459631
471575387
475674414
474050604
471106175
471822250
478391956
475475197
471991828
476088529
475323351
475541062
495993617
472658798
472061746
476278393
474454376
473425515
471750265
476430523
470629011
471889712
472997805
484600349
471407906
470686363
472840020
471856013
471933770
469184548
475390673
476470491
480147579
473272206
473521644
467722884
476571522
471563909
468058538
482259125
472488518
491749141
475551035
469886485
471770420
476274250
470383579
471056005
471317631
470823130
473023316
471628886
474642099
473458973
474364440
473553867
476911791
472664912
478688508
474970793
472800055
469152316
470938753
469525159
471662315
470348185
472669354
469664935
473943815
470772135
469468331
467247700
471647929
473343430
473005632
469495068
469395962
468503946
471763153
470474451
469074097
469776355
472406648
473656494
472871257
473870276
477401285
474779800
475837205
473552643
475413937
472031082
473238974
472165673
474816458
475831873
491893977
475753778
471031690
473469743
472511209
474971518
474612464
494120365
487002367
483659339
472352792
469902330
474659024
472559423
471003459
507774269
469965291
472507433
473961375
474459764
480135959
475964048
474316435
473540306
477522081
472837638
472767980
480280304
473374349
471955306
491610462
476772714
471906054
471728981
472453125
472493984
476017334
