584435289
475173719
470284107
471739575
468122865
470559634
468601606
471464867
468674887
471373150
473576333
467541341
466879059
476296937
469190233
468441193
471980559
470912393
467687677
468638687
473461587
472094547
468838229
472817357
471961449
471363340
489575607
469290197
468485879
473091641
470605084
470039856
468508467
473052006
467440454
468761061
469779792
481491963
468119120
467466267
469585067
468510033
468719308
465909074
470750319
472928586
471823468
469773407
470168665
463161587
472043235
468257596
464947866
479087003
467629921
483140791
471645461
466704726
468639560
473002628
467104029
467542928
467361316
467760879
469880334
468429544
470714996
469963477
471142159
469709870
473645877
469422155
474663356
470636124
469216412
466006830
467711774
466410293
468429925
467099540
469416462
466261739
470685241
467166967
466226299
464277480
467714913
469577427
469790084
465946490
466287949
464629546
468596122
467302386
465689517
466618774
469302351
469724113
469605898
470736897
474173912
471518256
472146628
470393537
472251694
468817617
470066078
469068089
471697154
472511395
488736474
472547575
467826665
470298479
468646567
470334627
471238442
487723364
483187988
480318540
469190306
466766497
471438361
469450569
467175900
501076437
466812693
469427691
470916021
471251963
477080373
472423083
471157709
470264125
474401648
469729761
469617178
477012535
470219381
468821261
485601330
472749104
468699753
468669341
469424634
469432753
472893212
