475608117
475888382
474770715
471468207
476877425
472791414
474635229
477361059
470069817
475101851
473276206
553883299
481352621
480089638
475452382
475394286
473634386
477220165
475209805
478119676
475374547
473163828
468675215
472343119
489858040
481954522
479662513
472129680
475355619
482213351
478602301
474319341
475599870
477172391
477492024
471358929
473812655
471739871
471135386
470948243
475939343
477287568
476463723
485140768
475483449
471585715
478171616
489120709
479774175
477749748
471823297
476310908
473483487
478649785
472860100
479778631
476282090
474349504
471920487
476715880
474958689
479920930
479698995
475335482
474883350
479147050
489539754
480778607
474523949
478503535
476531535
475780320
472039652
589165076
474911858
470995907
474053618
471611944
473934626
476407287
471744412
476357689
478926290
474244113
472745389
469363582
477753092
479443327
473650570
478068594
473275829
476030716
474773061
475699271
469560543
473865105
469931747
471155292
472924892
471469868
470800878
472167950
476884091
470761713
471341163
469490002
467394219
600689104
470022411
469924065
475701177
475684739
469308970
469500825
471199127
469036298
470498761
490428003
471828061
473286268
471031978
471064902
470897614
482220445
471578193
482953436
474294625
476056482
475033632
471407542
472735162
478394705
471153690
473635589
470662208
469213891
517437360
473076158
473893914
481226503
471674322
477570051
473644619
470130955
478258852
475466101
