480092647
479926033
478610477
475631555
480657886
477653897
478378070
480999758
473772833
481327162
478092828
561632945
489492373
483557877
481106033
478888181
477283222
480803632
479272384
481651998
479868043
476627807
472144368
475913662
497615271
486425244
483203410
475549796
478770897
487166961
482172090
477792437
479054434
482195451
481865109
474959064
482810769
476686002
474673926
475076277
480256323
481026409
479855219
492540003
481546530
475052854
482795716
492538526
484015496
484165687
476348889
479848031
477755444
483662380
476358866
483313109
479819292
478705249
475465814
480159413
478403253
483481573
483271807
478736555
478407894
482810790
493951167
487249346
477996850
481910112
481232850
479252233
475528411
596089826
478336692
474673518
478545581
475085624
477307557
479893069
475298299
479805034
483016593
477700949
476737605
472720418
482076582
482966023
477078332
484469059
476693366
479548283
478243315
479748098
473189215
478153620
475117019
475005839
477073522
474887764
474659535
475808218
480439234
474380793
474815089
473635511
470774548
604094035
473918782
473252203
480280105
480255677
472707066
473647059
475481527
472491802
473910346
495385646
475395933
476944575
475076447
475123603
474196345
485612554
475333067
488450354
479088611
481530560
478539775
476799561
476942010
481832918
474697508
477309908
474726414
473911356
522916611
476397627
477378622
484593715
475046547
480970658
476957271
474047524
482442514
479025055
