587966148
479836308
473556071
476701884
471479726
473756912
471834686
474619545
472323465
474606692
477496528
471214547
470107571
482302597
472459631
471575387
475674414
474050604
471106175
471822250
478391956
475475197
471991828
476088529
475323351
475541062
495993617
472658798
472061746
476278393
474454376
473425515
471750265
476430523
470629011
471889712
472997805
484600349
471407906
470686363
472840020
471856013
471933770
469184548
475390673
476470491
480147579
473272206
473521644
467722884
476571522
471563909
468058538
482259125
472488518
491749141
475551035
469886485
471770420
476274250
470383579
471056005
471317631
470823130
473023316
471628886
474642099
473458973
474364440
473553867
476911791
472664912
478688508
474970793
472800055
469152316
470938753
469525159
471662315
470348185
472669354
469664935
473943815
470772135
469468331
467247700
471647929
473343430
473005632
469495068
469395962
468503946
471763153
470474451
469074097
469776355
472406648
473656494
472871257
473870276
477401285
474779800
475837205
473552643
475413937
472031082
473238974
472165673
474816458
475831873
491893977
475753778
471031690
473469743
472511209
474971518
474612464
494120365
487002367
483659339
472352792
469902330
474659024
472559423
471003459
507774269
469965291
472507433
473961375
474459764
480135959
475964048
474316435
473540306
477522081
472837638
472767980
480280304
473374349
471955306
491610462
476772714
471906054
471728981
472453125
472493984
476017334
